#distancias (INSTANCIA CIUDAD DE BUENOS AIRES)
CANT_ORIG:x
CANT_DEST:90-x
0 2.35 5.45 3.92 11.54 5.09 5.10 4.48 4.78 5.97 6.15 6.28 5.96 6.45 8.08 8.95 8.32 9.26 9.68 10.64 20.43 19.66 21.52 21.47 21.61 23.60 28.05 33.49 25.29 35.39 36.33 35.67 19.91 19.79 19.09 21.41 37.30 40.96 11.84 12.15 10.89 8.50 7.17 5.75 4.72 3.66 3.06 2.17 0.89 1.75 15.52 17.30 19.15 11.16 21.00 21.60 26.97 26.73 22.59 20.49 20.98 19.98 18.65 17.84 17.62 16.41 14.89 13.78 7.56 5.97 5.23 2.69 2.50 2.39 4.27 6.65 8.36 21.74 20.35 21.46 22.92 23.85 25.98 25.27 30.07 26.48 27.10 29.73 30.72 29.60
2.37 0 3.49 2.04 5.24 4.82 5.23 4.93 5.34 6.15 6.23 6.35 6.21 7.33 7.21 8.08 7.45 8.39 8.81 9.77 11.17 10.19 20.69 20.64 20.78 22.78 27.22 32.66 24.46 34.56 35.50 37.64 10.65 10.80 18.26 12.43 39.27 40.13 13.82 14.12 12.86 13.31 12.20 5.93 5.17 4.14 3.65 3.51 2.14 1.45 14.69 8.94 9.67 9.84 12.01 20.78 28.94 28.70 21.76 19.66 20.15 19.15 17.82 17.02 16.79 15.58 14.06 7.02 5.60 4.01 3.27 1.83 2.98 4.18 4.82 10.75 13.43 23.71 22.33 23.43 24.89 25.82 25.15 24.44 32.04 25.65 26.27 31.70 32.70 31.57
6.13 3.57 0 1.32 1.53 5.80 6.44 6.42 6.67 7.26 7.00 6.43 6.04 6.74 5.99 6.43 6.25 7.19 7.47 8.43 8.51 7.53 11.26 13.70 13.84 15.83 22.41 25.11 17.51 27.01 27.95 42.49 7.99 8.14 9.11 9.77 44.12 32.58 18.66 18.96 17.70 8.67 7.34 7.09 5.96 6.31 7.06 6.95 4.99 3.46 6.34 6.28 7.01 7.18 9.35 11.09 11.36 12.55 14.82 12.71 13.15 11.97 11.97 11.15 9.85 7.97 6.19 5.29 2.94 1.96 1.35 2.55 5.78 11.62 7.78 15.60 9.32 11.11 27.17 28.28 10.97 12.44 18.20 17.50 20.09 18.70 19.33 19.85 20.26 36.42
3.90 1.95 1.24 0 2.32 4.90 5.54 5.70 5.78 6.36 6.10 5.53 7.09 7.10 7.81 8.24 8.07 9.00 9.28 10.24 10.71 9.72 14.54 14.50 14.64 16.63 23.21 25.91 18.31 27.81 28.74 39.89 10.19 10.34 12.12 11.97 41.52 33.38 16.06 16.36 15.10 7.77 6.44 6.06 5.06 4.92 5.32 5.35 3.67 2.14 8.14 8.43 9.21 11.11 11.55 13.29 13.56 14.74 15.61 13.51 13.95 12.77 12.77 11.95 10.64 8.77 6.99 6.09 5.10 3.65 1.26 1.65 3.76 6.02 6.28 13.00 7.63 12.92 24.57 25.68 12.78 14.63 19.00 18.30 20.89 19.50 20.13 20.64 21.06 33.82
6.94 4.60 1.72 2.52 0 7.68 8.32 8.29 8.54 9.13 8.88 8.37 7.03 6.23 5.48 5.91 5.74 6.68 6.96 7.92 8.38 7.40 12.22 12.17 12.31 14.31 20.89 23.59 15.99 25.49 26.42 32.15 7.87 8.02 9.79 9.64 33.37 31.06 19.36 19.66 18.40 10.38 8.74 8.97 7.84 8.19 14.55 13.37 6.63 4.66 5.81 6.11 6.89 8.79 9.23 10.97 11.24 12.42 13.29 11.19 11.63 10.44 10.44 9.62 8.32 6.45 4.66 3.77 2.78 2.79 2.81 3.74 6.27 12.31 14.50 16.29 8.81 10.60 27.87 11.37 10.46 12.31 16.68 15.97 18.56 17.18 17.80 18.32 18.73 19.21
4.71 4.74 5.27 4.33 6.39 0 0.95 0.96 1.15 1.73 1.49 1.62 3.19 3.74 4.99 5.86 5.61 7.02 7.29 8.25 9.60 9.23 13.64 28.53 28.67 26.83 37.81 40.51 32.34 42.41 43.34 32.26 9.59 10.52 24.05 12.15 33.89 47.98 8.44 6.26 4.86 3.84 2.51 1.43 0.43 0.96 2.90 2.47 3.58 3.39 20.85 9.14 9.39 8.77 10.99 13.47 11.58 23.32 29.65 27.55 28.04 27.42 26.02 26.46 12.48 21.74 20.22 9.02 7.17 5.41 4.88 3.14 2.13 3.80 2.39 3.24 3.71 8.42 16.95 18.05 9.47 20.44 25.69 32.33 26.66 27.29 28.25 26.32 27.32 26.20
5.54 5.56 6.10 5.16 7.22 1.14 0 0.87 0.88 0.87 1.04 1.34 2.91 4.32 4.71 5.58 6.18 6.74 8.05 8.79 21.78 10.08 26.13 27.68 27.81 25.97 36.95 39.66 31.49 41.56 42.49 31.41 10.45 22.66 23.20 23.73 33.04 47.12 7.58 5.80 4.39 3.38 2.04 0.65 0.77 1.79 2.63 3.78 4.40 4.21 22.50 9.97 10.21 9.61 23.07 25.06 22.71 22.47 28.79 26.69 27.18 26.57 25.16 25.60 26.17 23.40 21.88 9.85 8.00 6.24 5.70 3.96 2.95 4.24 1.73 2.38 3.24 7.95 16.09 17.20 18.66 19.59 24.83 31.47 25.81 26.44 27.39 25.47 26.46 25.34
4.93 5.24 6.31 5.55 7.43 1.35 0.34 0 0.25 1.21 1.39 1.51 3.08 4.49 4.88 5.76 6.36 6.92 8.22 8.96 10.63 10.26 26.12 27.67 27.80 25.96 36.94 39.65 31.48 41.55 42.48 31.40 10.62 22.65 23.19 23.72 33.03 47.11 7.57 6.16 4.75 3.74 2.41 0.99 0.98 1.47 2.00 3.14 4.36 3.89 19.95 10.18 10.43 9.78 23.06 25.05 22.70 22.46 28.78 26.68 27.18 26.56 25.15 25.60 22.05 20.84 19.32 18.21 8.21 6.45 5.91 4.39 2.63 3.61 1.49 2.37 3.60 8.31 16.08 17.19 18.65 19.58 24.82 31.46 25.80 26.43 27.38 25.46 26.45 25.33
4.69 5.00 6.29 5.31 7.41 1.33 0.32 0.32 0 1.19 1.37 1.49 3.07 4.47 4.86 5.74 6.34 6.90 8.20 8.94 10.61 10.24 26.11 27.66 27.80 25.96 36.94 39.64 31.47 41.54 42.47 31.39 10.60 22.65 23.18 23.72 33.02 47.11 7.57 6.14 4.73 3.72 2.39 0.97 0.96 1.22 1.75 2.90 4.11 3.65 19.70 10.16 10.41 9.76 23.05 25.04 22.69 22.45 28.78 26.68 27.17 26.55 25.15 25.59 21.80 20.59 19.07 17.96 8.19 6.43 5.89 4.14 2.38 3.36 1.24 2.70 3.58 8.29 16.08 17.19 18.65 19.58 24.82 31.46 25.79 26.42 27.38 25.46 26.45 25.33
5.41 5.72 7.03 6.03 8.16 2.07 1.14 1.05 0.76 0 1.02 2.31 3.88 5.29 4.84 5.71 6.49 6.87 8.18 8.92 20.99 10.21 25.34 26.88 27.02 25.18 36.16 38.86 30.70 40.76 41.70 30.62 21.78 21.87 22.40 22.94 32.25 46.33 6.79 5.44 3.91 2.99 1.57 0.64 1.71 1.95 2.48 3.62 4.84 4.37 21.64 10.90 10.61 20.86 22.28 24.26 21.91 21.68 28.00 25.90 26.39 25.78 24.37 24.81 25.38 22.53 21.01 19.90 8.94 7.18 6.64 4.87 3.11 4.09 1.11 1.59 2.76 7.57 15.30 16.41 17.87 18.80 24.04 30.68 25.02 25.65 26.60 24.68 25.67 24.55
6.26 6.28 6.81 5.87 7.94 1.47 1.23 1.58 1.38 1.02 0 1.26 2.83 4.23 4.63 5.50 6.10 6.66 7.97 8.70 10.38 10.00 25.94 27.49 27.63 25.79 36.77 39.47 31.30 41.37 42.30 31.22 10.36 22.48 23.01 23.55 32.85 46.94 7.40 5.03 3.50 2.59 1.16 0.85 1.07 2.60 3.13 4.28 5.12 4.93 22.44 10.17 10.42 9.53 22.88 24.87 22.52 22.28 28.61 26.51 27.00 26.38 24.98 25.42 25.99 23.34 21.81 10.11 8.21 6.69 6.20 4.68 3.67 4.74 2.62 2.20 2.35 7.16 15.91 17.02 9.11 19.40 24.65 31.29 25.62 26.25 27.21 25.29 26.28 25.16
6.37 6.39 6.47 6.65 7.94 1.56 1.65 1.80 1.49 2.43 1.65 0 2.07 3.48 2.98 3.85 4.63 5.01 6.32 7.06 8.73 8.35 12.97 13.18 28.67 26.83 37.81 40.52 32.35 42.42 43.35 32.27 8.72 10.06 24.06 11.48 33.90 47.98 8.44 5.02 4.39 3.12 1.48 2.21 1.19 2.72 3.25 4.39 5.23 5.04 10.90 9.51 8.75 7.88 10.12 12.80 10.70 23.33 29.65 27.55 28.04 27.43 26.02 11.80 11.60 22.09 20.56 9.53 7.54 6.03 5.89 5.00 3.44 4.85 2.74 3.24 1.69 6.34 16.95 8.30 7.47 20.45 25.69 32.33 26.67 27.30 28.25 26.33 27.32 26.20
6.49 6.24 5.69 5.97 7.26 2.31 2.75 2.75 2.77 3.42 2.90 1.77 0 1.40 2.68 3.55 3.27 4.21 5.52 6.12 7.93 7.55 12.17 12.38 14.83 13.33 21.27 26.67 18.50 28.57 29.50 32.70 7.91 9.26 10.23 10.67 34.33 34.14 8.87 5.51 4.82 3.54 1.90 3.26 2.46 3.27 4.52 5.66 5.35 5.16 9.03 7.63 7.95 7.08 9.32 12.00 9.90 9.78 13.41 13.71 14.20 13.09 11.82 11.00 10.80 12.65 10.87 7.57 6.15 5.25 5.11 4.32 3.93 6.13 4.01 3.67 2.09 6.86 8.75 8.00 6.73 9.26 12.42 13.39 27.10 14.03 14.34 14.19 27.75 26.63
7.72 7.02 6.30 6.75 7.39 3.54 3.98 3.99 4.00 4.11 3.95 2.22 1.80 0 0.98 1.85 2.63 3.01 4.32 5.06 6.73 6.35 10.97 11.18 13.63 12.02 20.08 25.47 17.31 27.37 28.31 27.02 6.72 8.06 9.03 9.48 28.65 32.94 7.43 6.04 5.51 4.45 2.59 3.95 3.69 4.50 5.75 6.89 6.58 6.39 8.65 7.26 6.75 5.88 8.12 10.80 8.70 8.46 11.30 12.51 13.00 11.90 10.62 9.80 9.60 12.26 10.48 7.53 5.76 4.80 5.72 5.10 5.16 7.36 5.24 4.36 2.62 5.48 7.37 6.62 5.32 7.94 11.11 12.07 12.01 12.72 13.03 12.88 12.96 14.42
7.84 7.16 5.52 7.78 6.19 4.26 4.69 4.70 4.71 4.82 4.66 2.93 2.52 0.93 0 0.87 1.89 2.03 3.34 4.08 5.75 5.37 9.99 10.20 12.65 11.29 19.10 24.49 16.33 26.39 27.33 26.61 5.74 7.08 8.05 8.50 28.24 31.96 9.21 6.80 6.22 4.95 3.31 4.66 4.41 5.22 6.46 7.61 7.30 6.51 7.67 6.28 5.77 4.90 7.14 9.82 7.72 7.73 11.23 11.53 12.02 10.92 9.64 8.82 8.62 11.07 9.29 6.19 4.57 4.28 4.94 5.67 5.87 8.07 5.95 5.07 3.38 5.49 7.38 6.20 5.14 7.21 10.38 11.34 11.28 11.98 12.29 12.14 12.23 13.69
8.71 8.03 6.39 8.11 6.53 5.13 5.56 5.57 5.58 5.70 5.53 3.80 3.39 1.81 0.87 0 0.76 1.16 2.47 3.21 4.88 4.50 9.12 9.33 11.78 10.42 18.22 23.62 15.46 25.52 26.45 26.57 4.86 6.21 7.18 7.63 28.20 31.09 9.16 8.11 7.09 5.82 4.18 5.54 5.28 6.09 7.34 8.48 8.17 7.39 6.80 5.41 4.90 4.03 6.27 8.95 6.85 6.86 10.36 10.66 11.15 10.05 8.77 7.95 7.75 8.32 7.99 5.68 4.09 4.18 5.81 6.54 6.74 8.94 6.82 5.94 4.25 5.45 7.34 6.16 4.95 6.34 9.51 10.47 10.41 11.11 11.42 11.27 11.36 12.82
7.84 7.16 5.51 7.35 5.77 5.86 6.29 6.30 6.31 6.43 6.26 4.53 3.53 2.54 1.60 0.98 0 1.34 2.65 3.64 5.06 4.68 9.12 9.33 11.96 11.51 20.92 23.62 15.64 25.52 26.45 28.12 5.04 6.00 6.97 7.63 29.75 31.09 10.04 8.98 7.82 6.55 4.91 6.27 6.01 7.29 8.07 7.93 7.79 6.51 6.02 4.62 4.87 4.21 6.45 8.95 7.03 7.09 10.36 10.84 11.33 9.89 8.56 8.13 7.93 7.54 7.20 4.56 3.34 3.50 4.94 5.66 6.76 8.59 7.55 6.67 4.98 6.32 8.22 6.10 5.19 6.57 9.74 10.70 10.64 11.34 11.65 11.50 11.59 13.05
8.92 8.24 6.59 8.43 6.85 6.77 7.21 7.22 7.23 7.34 7.18 5.45 5.03 3.45 2.52 1.65 1.08 0 1.31 2.29 3.72 3.34 7.96 8.17 10.62 10.35 17.06 22.46 14.30 24.36 25.29 27.64 3.70 5.05 6.02 6.47 29.27 29.93 10.44 9.38 9.71 7.46 5.82 7.18 6.92 7.73 8.98 9.01 8.87 7.59 5.64 4.24 3.74 2.87 5.11 7.79 5.69 6.09 9.20 9.50 9.99 8.88 7.61 6.79 6.59 7.16 6.83 4.52 4.29 4.58 6.02 6.74 7.84 9.67 8.47 7.59 5.90 5.77 6.48 5.09 4.18 5.57 8.73 14.28 9.63 10.34 10.65 10.50 10.58 12.04
9.16 8.49 6.47 8.25 6.66 7.96 8.39 8.40 8.41 8.52 8.36 6.63 6.22 4.63 3.70 2.83 2.13 1.19 0 1.46 2.97 2.59 7.47 7.68 9.87 8.56 16.31 21.97 13.55 23.87 24.81 26.80 2.95 4.35 5.32 5.98 28.43 29.44 14.73 15.61 17.26 8.64 7.01 8.36 8.11 8.62 10.16 9.25 9.12 7.84 5.22 3.82 2.99 2.09 4.41 7.30 4.75 5.34 7.84 8.75 9.24 8.25 6.91 6.04 5.84 6.74 6.41 4.09 3.88 4.78 6.27 6.99 8.09 9.92 9.65 8.77 7.08 5.78 7.97 5.11 4.19 4.97 8.13 9.10 9.03 9.74 10.05 9.90 9.99 11.45
10.19 9.52 7.50 9.68 8.10 8.89 9.33 9.34 9.35 9.46 9.30 7.57 7.15 5.57 4.64 3.76 3.33 2.80 1.28 0 1.56 1.73 6.17 6.38 9.01 8.56 17.97 20.67 12.68 22.57 23.50 26.23 1.80 3.05 4.02 4.67 27.86 28.14 14.16 15.04 16.69 10.73 7.94 9.30 9.04 9.65 10.40 10.28 10.15 8.87 6.09 4.01 2.13 0.85 3.11 6.00 3.69 4.90 7.40 7.89 8.38 6.94 5.61 5.18 4.98 7.48 6.62 4.58 4.95 5.81 7.30 8.02 9.12 23.90 20.51 18.00 8.95 5.79 7.39 4.74 3.82 4.40 7.69 12.67 8.59 9.30 9.61 9.46 9.55 11.01
11.26 10.59 8.57 10.12 8.53 10.45 10.89 10.90 10.91 11.02 10.86 9.13 8.71 6.93 5.79 4.69 4.26 3.41 2.23 1.33 0 1.30 5.19 5.41 7.68 7.59 16.99 19.70 11.35 21.60 22.53 26.87 0.81 2.08 3.04 3.70 28.50 27.17 14.80 15.69 17.33 11.15 9.50 10.86 10.60 10.72 21.93 22.54 11.22 9.93 5.65 3.58 1.70 0.41 2.13 5.02 2.72 3.93 6.43 6.55 7.05 5.97 4.64 4.75 4.55 7.04 6.18 4.09 4.94 6.88 8.37 9.09 10.18 24.54 21.15 18.64 9.36 6.21 8.04 5.15 4.24 4.11 6.72 11.34 7.62 8.33 8.64 8.49 8.57 10.03
11.12 19.27 8.42 12.66 11.07 11.38 11.82 11.82 11.83 11.95 11.79 10.06 9.64 7.86 6.72 5.01 5.18 4.34 3.16 1.77 0.93 0 4.79 5.00 7.27 7.18 16.59 19.29 10.95 21.19 22.13 27.85 0.36 1.67 2.64 3.30 30.08 26.76 16.38 17.27 18.92 12.07 10.43 11.79 11.53 10.58 23.51 11.21 11.07 9.79 4.93 2.85 0.97 1.33 1.73 4.62 3.59 4.80 6.03 6.15 6.64 5.57 4.23 4.02 3.82 6.32 5.46 3.64 4.80 6.74 8.23 8.95 10.04 26.12 22.74 20.22 10.29 7.14 9.62 5.86 4.95 4.82 7.59 10.93 8.49 12.14 12.76 9.36 9.45 10.91
28.30 21.03 10.83 13.48 11.90 26.58 25.57 25.57 25.25 24.40 25.03 13.72 13.30 11.52 10.38 9.28 8.84 8.00 6.82 5.92 4.59 4.37 0 1.30 2.46 3.22 9.86 10.90 7.09 20.96 21.89 17.79 4.07 2.74 1.74 1.98 19.01 19.78 17.66 18.55 20.20 22.54 23.75 24.64 26.21 26.18 24.79 25.40 29.72 13.74 5.75 4.22 4.40 4.99 3.14 0.17 3.55 3.52 2.20 2.35 2.85 3.19 2.35 4.15 5.58 8.01 6.29 6.77 9.20 10.69 11.30 12.90 13.99 27.40 24.01 21.50 18.17 12.06 7.49 6.41 6.50 4.08 4.94 4.84 7.09 8.29 8.91 7.95 8.04 9.50
21.47 21.00 11.57 14.22 12.63 27.32 26.31 26.31 25.99 25.14 25.76 14.45 14.04 12.26 11.11 10.02 9.58 8.74 7.56 6.65 5.32 5.11 1.17 0 1.94 2.56 9.84 10.87 7.07 20.93 21.87 15.95 4.81 3.48 2.48 2.20 17.17 19.76 18.40 19.28 20.93 23.28 24.48 25.38 26.95 26.92 25.52 26.14 30.46 14.48 6.49 4.96 5.14 5.73 3.88 1.00 3.76 3.73 1.55 2.33 2.82 3.76 4.54 5.04 5.55 7.98 7.02 7.50 9.94 11.43 12.04 13.64 14.73 28.14 24.75 22.24 18.91 12.79 7.71 6.62 6.72 4.30 4.29 4.19 6.78 6.16 6.51 6.54 6.95 7.43
21.41 20.94 15.25 16.05 14.47 29.51 28.50 28.50 28.18 27.33 27.95 28.17 16.32 14.55 13.40 12.30 11.87 11.02 9.84 8.94 7.61 7.40 2.55 1.89 0 2.62 7.54 8.57 4.77 20.87 21.81 15.33 7.09 5.74 5.04 3.57 16.55 17.46 20.59 21.47 23.12 25.47 26.67 27.57 29.14 29.11 27.71 28.33 32.65 22.21 7.17 7.11 7.42 8.02 6.95 2.36 4.15 3.70 1.60 1.48 2.67 5.81 4.48 4.98 5.49 7.92 7.58 9.66 14.07 15.57 16.24 15.79 32.65 30.33 26.94 24.43 21.10 14.98 13.82 6.71 6.81 4.39 4.34 4.25 6.84 5.83 6.45 6.60 7.01 7.49
24.95 24.48 18.80 19.59 18.01 15.36 24.03 24.03 23.71 22.86 23.48 14.03 13.62 12.07 11.43 10.56 10.12 9.59 8.69 7.79 6.46 10.94 3.20 2.56 2.23 0 9.21 9.85 6.04 11.82 17.88 15.14 10.63 9.29 4.52 4.77 16.37 17.60 16.12 17.00 18.65 20.99 22.20 23.09 24.67 24.64 23.24 23.86 28.18 25.75 8.53 7.00 10.97 6.86 5.57 3.03 4.10 3.65 1.42 4.02 4.96 6.15 8.02 8.52 9.03 11.46 11.12 9.55 11.98 13.47 14.08 15.68 28.18 25.85 22.47 19.96 13.57 9.78 7.75 6.66 6.76 4.34 3.48 3.39 5.98 5.35 5.71 5.74 6.15 6.63
28.32 27.85 22.16 22.96 21.37 37.61 36.60 36.61 36.29 35.43 36.06 36.28 24.43 22.65 21.51 20.41 19.98 19.13 17.95 17.05 15.72 15.51 10.07 10.81 8.52 8.53 0 2.43 3.30 4.87 7.19 10.81 15.20 13.85 13.15 15.47 12.04 11.02 28.69 29.58 31.23 33.57 34.78 35.67 37.24 37.22 35.82 36.43 40.76 29.12 14.07 14.02 15.53 16.12 15.06 10.16 17.07 11.92 9.29 8.28 9.69 9.79 11.38 11.89 12.40 13.70 14.48 16.56 20.98 22.47 23.14 24.12 40.75 38.43 35.05 32.53 29.21 23.09 21.93 23.04 18.42 13.71 8.51 7.49 10.07 7.60 8.40 9.11 9.84 10.72
28.04 27.57 21.89 22.68 21.10 37.34 36.33 36.33 36.01 35.16 35.79 36.01 24.16 22.38 21.24 20.14 19.70 18.86 17.68 16.78 15.45 15.23 9.80 10.53 8.25 10.03 1.90 0 3.03 5.39 7.12 12.05 14.93 13.58 12.88 15.20 13.27 12.26 28.42 29.31 30.96 33.30 34.51 35.40 36.97 36.95 35.55 36.16 40.49 28.85 13.80 13.74 15.26 15.85 14.78 9.89 16.79 12.88 9.01 8.01 9.42 9.52 11.11 11.61 12.13 13.43 14.21 16.29 20.71 22.20 22.87 23.85 40.48 38.16 34.78 32.26 28.93 22.82 21.66 22.77 18.15 13.44 10.51 9.91 12.09 9.62 10.42 11.13 11.86 12.75
25.01 24.54 18.86 19.65 18.07 34.34 33.33 33.33 33.01 32.16 32.79 33.01 21.16 19.38 18.24 17.14 16.70 15.86 14.68 13.78 12.45 12.23 6.77 7.50 5.21 7.00 3.75 3.80 0 8.22 9.40 13.22 11.93 10.58 9.88 12.20 14.44 14.04 25.42 26.31 27.96 30.30 31.51 32.40 33.97 33.95 32.55 33.16 37.49 25.81 10.77 12.36 12.26 12.85 11.78 6.85 13.80 9.84 5.98 4.98 6.38 6.52 8.08 8.58 9.09 10.43 11.18 14.91 17.67 18.64 19.84 20.85 37.48 35.16 31.78 29.26 25.93 19.82 18.66 19.77 15.15 10.41 7.48 6.14 8.93 6.69 7.31 8.07 8.82 9.58
35.30 34.83 29.15 29.94 28.36 43.41 42.40 42.40 42.08 41.23 41.85 42.08 30.23 28.45 27.30 26.21 25.77 24.93 23.75 22.84 21.51 21.30 20.07 21.35 13.08 11.77 4.57 4.83 7.86 0 5.80 6.66 21.00 19.65 18.95 21.27 7.88 6.87 34.49 35.38 37.02 39.37 40.58 41.47 43.04 43.01 41.62 42.23 46.55 36.10 21.06 21.43 21.33 21.92 20.85 20.25 22.86 12.71 11.36 20.37 18.38 17.20 17.20 18.82 19.38 19.50 21.47 23.97 27.96 27.70 30.13 29.91 46.55 44.23 40.84 38.33 35.00 28.89 27.73 28.83 24.22 13.68 10.46 9.52 10.87 8.40 9.20 9.90 10.63 11.52
35.97 35.50 29.81 30.61 29.03 44.08 43.07 43.07 42.75 41.90 42.52 42.75 30.90 29.12 27.97 26.88 26.44 25.59 24.42 23.51 22.18 21.97 20.74 22.02 16.66 18.43 6.99 6.47 9.49 5.80 0 9.75 21.66 20.32 19.62 21.94 10.98 4.57 35.16 36.05 37.69 40.04 41.25 42.14 43.71 43.68 42.29 42.90 47.22 36.77 21.73 22.10 22.00 22.59 21.52 20.92 23.53 24.72 17.32 21.04 19.05 17.87 17.87 19.48 20.05 20.17 22.14 24.64 28.63 28.37 30.80 30.58 47.22 44.90 41.51 39.00 35.67 29.56 28.40 29.50 24.89 24.61 19.22 18.62 16.66 14.19 14.99 15.70 16.43 17.31
35.17 37.41 44.89 41.91 44.11 33.45 32.44 32.45 32.13 31.27 31.90 32.12 32.74 26.54 26.15 26.24 27.81 26.89 26.57 26.08 26.26 27.91 17.63 15.84 14.85 14.99 10.51 11.43 13.09 6.60 9.65 0 27.60 26.25 25.55 23.26 1.23 8.47 24.53 25.42 27.07 29.41 30.62 31.51 33.08 33.06 31.66 32.27 36.60 37.27 27.66 28.03 27.93 26.13 27.55 17.72 21.09 20.13 14.57 15.84 17.25 23.80 18.94 25.42 25.99 26.10 28.07 30.58 45.48 45.56 43.01 38.20 36.60 34.27 30.89 28.37 28.79 21.93 20.50 21.60 23.14 20.80 13.58 12.50 12.29 10.99 10.55 11.21 11.48 11.80
19.47 19.00 9.73 12.38 10.80 11.59 12.03 12.04 12.05 12.16 12.00 10.27 9.85 8.07 6.93 5.83 5.40 4.55 3.37 2.47 1.14 0.93 4.43 4.64 7.09 6.82 16.23 18.93 10.77 20.83 21.77 27.49 0 1.31 2.28 2.94 28.72 26.40 16.07 16.96 18.60 12.29 10.64 12.00 11.74 11.61 23.20 23.81 28.13 10.83 4.66 2.58 1.30 1.55 1.94 4.26 3.80 5.01 5.67 5.97 6.46 5.20 3.87 3.75 3.55 6.05 5.19 4.58 5.83 7.77 10.20 9.98 11.08 25.81 22.42 19.91 10.50 7.35 9.31 6.08 5.16 5.03 11.46 10.75 9.28 11.96 12.58 10.15 10.24 11.70
26.22 19.10 9.75 12.40 10.81 12.32 23.49 23.49 23.17 22.32 22.95 11.00 10.58 8.80 7.66 6.56 6.12 5.28 4.10 3.20 1.87 1.65 2.60 3.96 5.60 6.15 14.71 17.42 9.28 19.32 20.25 25.97 1.35 0 0.97 1.83 27.20 24.88 15.58 16.47 18.12 20.46 11.37 22.56 12.47 11.90 22.71 23.32 27.64 11.11 4.67 2.69 1.68 2.27 1.84 3.58 3.85 5.04 6.58 4.48 4.97 3.89 2.56 3.06 3.65 6.36 5.20 4.38 6.41 8.06 10.22 10.27 11.36 25.32 21.94 19.42 11.23 8.08 8.82 6.12 5.21 4.93 9.97 9.26 8.60 10.47 11.09 11.61 12.02 11.02
26.56 28.80 9.55 12.21 10.62 24.84 23.83 23.83 23.51 22.66 23.29 11.87 11.46 9.68 8.53 7.44 7.00 6.15 4.98 4.07 2.74 2.53 1.62 2.44 5.35 4.48 14.46 17.17 9.03 19.07 20.00 25.72 2.22 0.99 0 1.70 26.95 24.63 15.92 16.81 18.46 20.80 22.01 22.90 24.47 24.45 23.05 23.66 27.99 28.65 4.48 2.94 2.56 3.15 1.87 1.68 3.88 5.09 3.47 4.23 4.72 3.64 2.31 2.81 3.33 6.11 5.01 5.49 7.92 9.41 10.03 11.62 27.98 25.66 22.28 19.76 16.43 10.32 9.16 6.15 5.23 4.95 9.72 9.01 8.63 10.22 10.84 11.36 11.77 11.04
26.70 20.20 10.71 13.36 11.78 13.47 23.97 23.98 23.66 22.80 23.43 12.15 11.73 9.95 8.81 7.72 7.28 6.43 5.25 4.35 3.02 2.77 2.29 2.50 4.15 4.68 15.49 18.19 10.02 20.09 21.02 26.75 2.47 1.12 1.62 0 27.97 25.66 16.06 16.95 18.60 20.94 22.15 23.04 24.61 24.59 23.19 23.80 28.13 28.80 5.63 4.10 2.80 3.42 1.48 2.11 3.50 3.57 3.52 5.22 5.72 5.10 3.69 4.14 4.70 7.14 6.16 5.50 7.71 9.18 11.18 11.39 28.13 25.80 22.42 19.90 12.38 10.46 9.30 5.77 4.85 4.13 6.24 10.01 7.14 7.84 8.15 8.00 8.09 9.55
36.68 38.91 46.40 43.42 45.61 34.96 33.95 33.95 33.63 32.78 33.40 33.63 34.24 28.05 27.66 27.75 29.32 28.39 28.07 27.58 27.76 29.14 18.87 17.08 16.09 16.22 11.75 12.67 14.33 7.84 10.88 1.24 28.84 27.49 26.79 24.76 0 8.09 26.04 26.92 28.57 30.92 32.12 33.02 34.59 34.56 33.16 33.78 38.10 38.77 28.90 29.27 29.17 27.64 29.05 18.95 22.60 21.64 15.81 17.08 18.48 25.04 20.18 26.66 27.22 27.34 29.31 31.85 46.99 47.07 44.51 39.70 38.10 35.78 32.39 29.88 30.30 23.43 22.00 23.11 24.64 22.31 14.82 13.74 13.53 12.22 11.79 12.44 12.71 13.03
40.61 40.14 34.45 35.25 33.66 48.72 47.70 47.71 47.39 46.54 47.16 47.38 35.53 33.75 32.61 31.51 31.08 30.23 29.05 28.15 26.82 26.61 25.38 26.66 17.41 17.55 10.76 11.10 14.13 6.85 4.57 8.51 26.30 24.95 24.25 26.58 8.11 0 39.79 40.68 42.33 44.67 45.88 46.77 48.35 48.32 46.92 47.53 51.86 41.41 26.36 26.73 26.63 27.22 26.16 25.55 28.17 18.49 17.13 25.67 23.69 22.51 22.51 24.12 24.69 24.80 26.77 29.28 33.27 33.01 35.43 35.22 51.86 49.53 46.15 43.63 40.31 34.19 33.03 34.14 29.52 19.46 16.24 15.30 16.65 14.17 14.98 15.68 16.41 17.30
11.83 14.07 21.55 18.57 20.77 10.11 9.10 9.11 8.78 7.93 8.56 6.15 6.82 7.39 7.98 8.59 9.87 9.75 15.14 14.65 14.83 16.09 19.18 20.72 20.86 19.02 30.00 32.70 24.54 34.60 35.53 24.46 15.62 15.71 16.24 16.78 26.09 40.17 0 1.22 2.70 3.84 7.28 8.17 9.74 9.72 8.32 8.93 13.26 13.92 24.75 18.67 16.49 14.70 16.12 18.10 15.75 15.51 21.84 19.74 20.23 19.61 18.21 18.65 19.22 21.65 24.12 23.01 22.14 22.22 19.67 14.86 13.25 10.93 7.55 5.03 4.32 5.75 9.14 10.25 11.71 12.64 17.88 24.52 18.85 19.49 20.44 18.52 19.51 18.39
11.45 13.68 21.17 18.19 20.38 6.23 8.72 8.72 8.40 5.63 5.27 4.92 6.00 6.57 6.91 7.78 8.55 8.94 15.92 15.43 15.61 16.88 19.96 21.51 21.64 19.80 30.78 33.49 25.32 35.39 36.32 25.24 16.40 16.49 17.03 17.56 26.87 40.95 1.28 0 1.61 2.66 3.92 5.27 5.94 9.33 7.93 8.55 12.87 13.54 24.36 19.46 17.28 15.48 16.90 18.89 16.54 16.30 22.62 20.52 21.01 20.40 18.99 19.44 20.00 22.43 23.73 22.62 21.75 21.83 19.28 14.47 12.87 10.54 7.16 4.65 3.51 5.11 9.92 11.03 12.49 13.42 18.66 25.30 19.64 20.27 21.22 19.30 20.29 19.17
9.83 12.06 19.55 16.57 18.76 4.83 4.90 5.30 5.01 4.23 3.86 4.24 4.85 6.41 6.04 6.91 7.69 8.07 10.37 17.05 17.23 18.50 21.58 23.13 23.27 21.43 32.40 35.11 26.94 37.01 37.94 26.86 18.02 18.11 18.65 19.18 28.49 42.58 2.13 1.50 0 1.50 2.74 3.86 4.53 6.17 6.31 6.93 11.25 11.92 22.74 21.08 18.90 17.11 18.52 20.51 18.16 17.92 24.24 22.14 22.64 22.02 20.61 21.06 21.62 23.63 22.11 21.00 20.13 9.62 17.66 7.75 11.25 8.92 5.54 3.01 3.40 5.75 11.55 12.65 14.11 15.04 20.28 26.93 21.26 21.89 22.84 20.92 21.92 20.79
9.61 11.84 8.99 16.35 18.54 4.10 4.18 4.58 4.29 3.50 3.14 3.27 3.91 5.00 5.34 6.21 6.98 7.37 8.68 9.31 18.74 10.71 23.09 24.64 24.77 22.93 33.91 36.62 28.45 38.52 39.45 28.37 19.53 19.62 20.16 20.69 30.00 44.08 3.05 2.42 1.49 0 1.80 3.14 3.81 5.45 6.04 6.71 11.03 7.38 22.52 11.61 11.11 18.62 20.03 22.02 19.67 19.43 25.75 23.65 24.15 23.53 22.12 22.57 23.13 23.41 21.89 20.78 10.11 8.96 8.41 7.03 6.02 8.71 4.62 2.74 1.94 4.57 13.05 14.16 8.58 16.55 21.79 28.43 22.77 23.40 24.35 22.43 23.42 22.30
9.47 11.71 7.79 7.58 18.41 2.90 2.66 3.01 2.81 2.53 2.15 1.50 2.12 3.33 3.31 4.18 4.95 5.34 6.65 7.38 9.05 8.68 25.51 27.06 27.20 25.36 36.34 39.04 30.87 40.94 41.87 30.79 9.04 22.04 22.58 23.12 32.42 46.51 6.97 3.97 2.91 1.55 0 1.94 2.50 4.03 4.56 5.71 6.37 6.18 22.39 9.58 9.08 8.20 22.45 24.44 22.09 21.85 28.18 26.07 26.57 25.95 24.54 24.99 11.93 23.28 21.76 9.85 8.09 7.37 7.21 5.83 4.81 8.57 3.64 1.77 1.23 6.15 15.48 16.58 7.79 18.97 24.21 30.86 25.19 25.82 26.77 24.85 25.85 24.72
6.24 6.27 6.80 5.86 7.92 1.47 1.30 1.54 1.37 0.62 0.39 1.64 3.22 4.62 5.01 5.89 6.49 7.05 8.35 9.09 21.53 10.39 25.88 27.42 27.56 25.72 36.70 39.40 31.24 41.30 42.23 31.16 10.75 22.41 22.94 23.48 32.79 46.87 7.33 5.26 3.73 2.81 1.39 0 1.06 2.59 3.12 4.26 5.11 4.92 22.25 10.56 10.80 9.91 22.82 24.80 22.45 22.21 28.54 26.44 26.93 26.31 24.91 25.35 25.92 23.14 21.62 20.51 8.59 7.08 6.59 4.66 3.65 4.73 1.73 2.13 2.58 7.39 15.84 16.95 18.41 19.34 24.58 31.22 25.55 26.18 27.14 25.22 26.21 25.09
5.34 5.37 5.90 4.96 7.02 0.60 0.91 0.91 1.09 1.66 1.05 1.17 2.74 3.84 4.54 5.41 5.71 6.57 7.88 8.62 10.29 9.91 26.92 28.47 28.61 26.77 37.75 40.45 32.28 42.35 43.28 32.20 10.28 10.88 23.99 24.53 33.83 47.92 8.38 5.82 4.41 3.40 2.07 1.44 0 1.56 2.84 3.98 4.21 4.02 20.78 9.50 9.74 9.12 23.86 25.85 23.50 23.26 29.59 27.48 27.98 27.36 25.95 26.40 13.16 21.68 20.16 9.43 7.53 6.02 5.53 3.77 2.76 4.45 2.33 3.18 3.26 7.97 16.89 17.99 9.03 20.38 25.62 32.27 26.60 27.23 28.18 26.26 27.26 26.13
4.55 4.57 6.35 4.89 7.47 1.39 1.08 0.78 1.02 1.95 2.08 2.21 3.78 4.80 5.58 6.45 6.67 7.61 8.37 9.33 21.97 10.31 26.31 27.86 28.00 26.16 37.14 39.84 31.67 41.74 42.67 31.59 10.67 22.84 23.38 23.92 33.22 47.31 7.77 8.07 5.44 4.43 3.10 1.73 1.02 0 1.36 2.50 3.52 3.22 20.07 10.22 10.47 9.85 23.25 25.24 22.89 22.65 28.98 26.88 27.37 26.75 25.34 25.79 22.17 20.96 19.44 10.10 8.25 6.49 5.95 3.72 1.96 2.93 1.59 3.11 4.30 9.01 16.28 17.38 18.85 19.77 25.01 31.66 25.99 26.62 27.57 25.65 26.65 25.53
2.93 3.64 6.99 5.52 14.44 2.03 2.01 1.42 1.69 2.88 2.72 3.19 4.76 5.44 6.56 7.43 7.31 8.59 9.01 9.97 22.70 10.94 27.05 28.59 28.73 26.89 37.87 40.57 32.41 42.47 43.41 32.33 23.49 23.58 24.11 24.65 33.96 48.04 8.50 8.80 6.42 5.41 4.08 2.66 1.66 1.44 0 1.14 2.36 3.02 18.42 10.86 11.11 22.57 23.99 25.97 23.62 23.38 29.71 27.61 28.10 27.49 26.08 20.75 20.52 19.31 17.79 16.68 8.89 7.13 6.59 4.36 2.03 1.61 1.18 3.56 5.27 9.99 17.01 18.12 19.58 20.51 25.75 32.39 26.73 27.36 28.31 26.39 27.38 26.26
1.80 3.02 6.10 4.67 13.30 3.39 3.43 2.78 3.11 4.30 4.48 4.61 6.18 5.84 7.98 8.85 7.83 8.76 9.19 10.15 25.37 11.12 29.72 23.24 23.38 29.56 40.54 43.25 27.05 45.15 46.08 35.00 26.16 26.25 26.79 27.32 36.63 50.71 11.17 11.48 10.22 6.84 5.50 4.08 3.02 2.31 1.36 0 1.74 2.40 17.28 19.07 11.28 25.25 26.66 28.65 26.30 26.06 24.35 22.25 22.75 30.16 20.41 19.61 19.38 18.18 16.65 15.55 14.68 6.62 5.88 3.34 1.45 1.17 2.60 4.98 6.70 21.07 19.68 20.79 22.25 23.18 28.42 27.04 29.40 30.03 30.98 29.06 30.05 28.93
0.58 1.86 5.16 3.62 6.03 4.59 4.58 3.98 4.26 5.45 5.63 5.75 5.46 5.95 7.79 8.66 8.03 8.96 9.39 10.35 11.70 11.32 21.96 21.92 22.05 24.05 28.50 33.94 25.73 35.84 36.77 37.59 20.35 20.24 19.54 21.86 39.22 41.41 13.76 14.07 12.81 7.98 6.65 5.23 4.22 3.69 2.57 2.16 0 1.46 15.96 17.75 11.48 10.86 21.44 22.05 28.89 28.65 23.03 20.93 21.43 20.42 19.09 18.29 18.06 16.86 15.33 14.22 7.26 5.68 4.94 2.39 2.53 2.37 3.74 6.12 7.84 23.66 22.28 23.38 24.84 25.77 26.42 25.71 31.99 26.92 33.57 31.65 32.65 31.52
1.75 1.67 3.44 2.16 4.57 3.46 3.86 3.56 3.85 4.78 4.87 4.99 5.07 5.56 6.33 7.20 6.56 7.50 7.93 8.89 10.24 9.86 22.80 22.75 22.89 24.88 29.33 34.77 26.56 36.67 37.60 38.17 10.22 11.15 20.37 12.78 39.80 42.24 14.34 14.65 8.30 7.29 5.96 4.56 3.80 2.78 3.32 3.21 1.53 0 16.80 9.77 10.02 9.40 11.63 22.88 12.21 29.23 23.87 21.77 22.26 21.26 19.93 19.12 18.90 17.69 16.17 7.14 5.71 4.13 3.39 0.93 1.62 3.88 4.14 5.66 7.15 11.49 22.85 23.96 11.35 26.35 31.59 26.55 32.57 27.76 34.15 32.23 33.22 32.10
15.46 14.99 9.30 10.10 8.52 10.22 20.24 20.24 19.92 21.11 21.29 10.06 9.65 8.06 7.13 6.26 5.82 5.69 5.41 5.59 5.11 4.13 6.88 6.83 6.97 8.96 13.41 18.85 10.64 20.75 21.68 27.41 4.60 5.15 4.45 6.37 28.63 26.32 24.26 24.56 23.30 23.75 10.43 20.89 10.38 10.73 19.45 18.28 16.32 16.26 0 1.77 3.62 5.52 5.96 6.96 7.97 9.15 7.95 5.84 6.34 5.34 4.00 3.20 2.98 1.49 1.21 3.10 4.33 6.89 10.29 9.10 10.20 17.22 19.40 21.19 10.51 14.39 13.23 14.33 9.32 9.04 11.33 10.63 13.22 11.83 12.46 12.98 13.39 13.87
17.47 17.00 7.71 10.36 8.78 9.86 10.50 10.47 10.72 11.31 11.06 8.91 8.49 6.91 5.97 5.10 4.67 4.07 3.69 3.87 3.34 2.35 6.09 6.30 7.63 8.48 14.08 19.52 11.31 21.42 22.35 28.08 2.82 2.97 3.01 4.60 29.30 26.99 17.92 18.81 20.45 10.92 9.28 11.15 10.02 10.37 11.12 11.00 10.87 9.59 1.98 0 1.84 3.74 4.18 5.92 6.19 7.37 8.61 6.51 7.00 6.00 4.67 4.01 3.81 3.50 3.17 2.74 3.97 6.53 8.18 8.74 9.84 19.23 21.42 11.05 9.35 9.55 11.16 8.46 7.54 7.26 12.00 11.29 10.94 12.50 13.12 13.64 14.05 13.36
19.23 18.76 9.49 12.14 10.56 10.00 10.65 10.62 10.54 10.65 10.49 8.76 8.34 6.76 5.83 4.95 4.52 3.93 2.64 2.78 1.45 0.51 4.68 4.89 7.34 7.07 13.78 19.18 11.01 21.08 22.01 27.74 0.93 1.56 2.53 3.18 28.96 26.65 16.38 17.27 18.92 12.60 9.13 10.49 10.16 10.52 23.51 11.15 11.01 9.73 4.42 2.34 0 1.86 2.26 4.51 4.12 5.33 5.92 6.22 6.71 5.60 4.30 3.51 3.31 5.81 4.95 3.58 4.74 6.68 8.17 8.89 9.98 20.98 22.74 20.22 10.81 7.66 9.62 6.39 5.47 5.34 11.71 11.00 9.53 12.21 12.83 13.35 10.48 11.94
10.61 9.93 7.91 10.10 8.51 10.59 11.03 11.04 11.05 11.16 11.00 9.27 8.85 6.12 5.19 4.32 3.88 3.13 1.84 0.94 1.30 1.41 6.03 6.24 8.69 8.43 15.14 20.53 12.37 22.44 23.37 27.01 1.37 2.75 3.72 4.54 28.64 28.00 14.94 15.83 17.47 11.29 9.64 11.00 10.74 10.06 22.07 10.70 10.56 9.28 5.77 3.70 1.81 0 2.81 5.86 3.39 4.60 7.27 7.57 8.07 6.64 5.31 4.86 4.66 7.16 6.30 4.21 5.07 6.22 7.72 8.44 9.53 24.68 21.29 18.78 9.50 6.35 8.18 5.29 4.38 4.78 7.40 12.35 8.30 9.00 9.31 9.16 9.25 10.71
25.61 27.85 10.57 14.28 12.69 12.71 22.89 22.89 22.57 21.72 22.34 11.38 10.97 9.19 8.04 6.67 6.23 5.66 4.49 3.58 2.25 2.29 3.85 4.06 7.13 5.29 16.27 18.97 10.81 20.87 21.80 27.05 1.93 1.93 2.54 2.26 28.68 26.44 14.98 15.86 17.51 19.85 21.06 21.95 23.53 23.50 22.10 22.72 27.04 27.71 6.55 5.02 2.75 2.66 0 3.67 1.72 3.41 4.57 6.01 6.50 5.88 4.48 4.92 5.49 7.92 7.08 6.09 6.95 8.89 10.38 11.10 12.19 24.71 21.33 18.82 11.61 9.37 5.83 4.72 3.80 3.09 6.20 7.17 7.10 7.81 8.12 7.97 8.06 9.52
28.25 20.05 10.78 13.43 11.85 26.53 25.52 25.52 25.20 24.35 24.97 13.66 13.25 11.47 10.32 9.23 8.79 7.95 6.77 5.87 4.54 4.32 0.17 1.00 2.55 3.05 9.95 10.98 7.18 21.05 21.98 17.87 4.02 2.69 1.69 1.81 19.10 19.87 17.61 18.50 20.14 22.49 23.69 24.59 26.16 26.13 24.73 25.35 29.67 13.69 5.70 4.17 4.35 4.94 3.09 0 3.38 3.35 2.03 2.44 2.93 3.36 2.52 4.10 4.61 8.09 6.23 6.72 9.15 10.64 11.25 12.85 13.94 27.35 23.96 21.45 18.12 12.01 7.32 6.24 6.33 3.91 4.77 4.67 6.92 8.37 9.00 7.78 7.87 9.33
23.90 26.13 10.57 15.71 14.12 12.54 21.17 21.17 20.85 20.00 20.62 11.22 10.80 9.02 7.88 6.89 6.45 5.53 4.42 3.52 3.06 4.10 3.58 3.79 4.20 4.43 17.70 20.40 10.07 22.30 23.23 21.07 3.63 3.67 3.97 2.58 22.70 19.32 13.26 14.14 15.79 18.14 11.59 20.24 21.81 21.78 20.38 21.00 25.32 25.99 7.98 6.45 4.51 3.07 2.27 3.41 0 1.21 3.71 5.33 5.83 7.31 5.91 6.35 6.92 9.35 8.51 6.89 7.75 8.88 10.37 11.09 25.32 23.00 19.61 17.10 10.71 6.92 4.89 3.80 3.12 1.48 4.00 4.97 4.90 5.61 5.92 5.77 5.86 7.32
25.67 27.91 12.40 32.42 15.16 23.96 22.95 22.95 22.63 21.78 22.40 14.85 14.43 13.49 13.10 7.34 6.90 6.37 6.31 4.78 4.08 5.12 3.69 3.91 3.85 4.08 11.87 13.99 10.19 12.33 24.15 19.86 4.64 4.68 5.00 3.70 21.49 18.11 15.03 15.92 17.57 19.91 21.12 22.01 23.59 23.56 22.16 22.77 27.10 27.77 9.01 7.48 5.52 4.48 3.29 3.52 1.22 0 3.36 5.45 5.94 8.23 6.90 7.27 7.84 10.27 9.54 7.91 8.77 10.71 12.20 28.70 27.10 24.77 21.39 18.88 13.32 8.87 7.43 3.44 3.54 1.04 2.79 3.76 3.69 4.40 4.71 4.56 4.64 6.10
24.51 24.04 18.36 19.15 17.57 14.92 23.59 23.59 23.27 22.42 23.05 13.60 13.18 11.63 10.99 10.12 9.68 9.16 8.25 7.35 6.02 10.50 2.76 2.13 1.79 1.02 8.77 9.41 5.60 11.38 17.44 14.70 10.19 8.84 4.08 4.33 15.93 17.16 15.68 16.57 18.22 20.56 21.77 22.66 24.23 24.20 22.81 23.42 27.74 25.31 8.10 6.56 10.52 6.43 5.13 2.59 3.67 3.21 0 3.58 4.52 5.70 7.58 8.08 8.59 11.02 10.68 9.11 11.54 13.03 13.64 15.24 27.74 25.42 22.04 19.52 13.14 9.34 7.31 6.23 6.32 3.90 3.04 2.95 5.54 4.91 5.27 5.29 5.71 6.19
20.25 19.78 14.10 14.89 13.31 28.35 27.34 27.34 27.02 26.17 26.80 27.02 15.17 13.39 12.24 11.15 10.71 9.87 8.69 7.79 6.45 6.24 1.99 2.12 1.82 3.60 8.04 9.07 5.27 19.72 20.65 15.96 5.94 4.59 3.89 3.53 17.18 25.29 19.43 20.32 21.97 24.31 25.52 26.41 27.98 27.95 26.56 27.17 31.49 21.06 6.01 5.95 6.27 6.86 5.79 2.08 5.09 5.07 2.59 0 1.27 2.45 3.32 3.82 4.34 6.77 6.42 8.50 12.92 14.41 15.08 14.63 31.49 29.17 25.78 23.27 19.94 13.83 12.67 13.77 9.16 5.63 5.33 5.25 7.84 6.46 7.08 7.60 8.01 8.49
20.62 20.15 14.46 15.26 13.68 28.72 27.71 27.71 27.39 26.54 27.16 27.38 15.53 13.75 12.61 11.51 11.08 10.23 9.05 8.15 6.82 6.61 2.35 3.09 3.17 4.85 10.74 13.44 6.93 15.34 16.27 22.00 6.30 4.95 4.25 3.90 23.22 20.91 19.79 20.68 22.33 24.67 25.88 26.77 28.35 28.32 26.92 27.54 31.86 21.42 6.38 6.32 6.63 7.22 6.16 2.44 5.46 5.43 3.83 1.46 0 1.51 2.82 4.19 4.70 6.12 6.79 8.87 13.28 14.77 15.45 15.00 31.86 29.53 26.15 23.64 20.31 14.19 13.03 14.14 9.52 6.00 6.57 6.91 9.50 8.12 8.74 9.26 9.67 10.15
19.30 18.83 12.34 13.14 11.55 27.95 26.94 26.94 26.62 25.77 26.39 26.62 14.77 12.99 11.84 10.75 10.31 9.47 8.29 7.38 6.05 5.84 3.54 4.28 4.36 6.03 12.04 14.75 8.57 16.65 17.58 23.30 5.54 4.19 3.49 4.68 24.53 22.21 19.03 19.92 21.56 23.91 25.12 26.01 27.58 27.55 26.16 26.77 20.16 20.11 5.60 5.48 5.87 6.46 4.84 3.63 6.85 6.62 5.02 2.65 1.63 0 1.61 2.41 2.98 4.18 6.05 8.69 10.35 11.84 13.03 14.36 31.09 28.77 25.38 22.87 19.54 13.43 12.27 13.37 8.21 7.19 8.77 8.17 10.76 9.37 10.00 10.52 10.93 11.41
18.54 18.07 12.38 13.18 11.59 27.18 26.17 26.18 25.86 25.00 25.63 13.66 13.25 11.47 10.32 9.23 8.79 7.94 6.77 5.86 4.53 4.32 2.14 3.44 3.84 5.84 12.28 14.99 7.52 16.89 17.82 23.55 4.01 2.83 1.83 3.07 24.77 22.46 18.26 19.15 20.80 23.14 24.35 25.24 26.82 26.79 25.39 26.00 19.39 19.34 4.29 4.17 4.34 4.94 3.23 2.31 5.24 6.45 4.82 2.31 2.21 1.33 0 1.40 1.95 4.52 4.71 6.71 9.14 10.63 11.25 12.84 30.33 20.29 24.62 22.10 18.78 12.66 11.50 7.51 6.60 6.32 8.21 7.50 10.09 8.71 9.33 9.85 10.27 10.75
18.13 17.67 11.13 11.93 10.34 27.26 26.25 26.25 25.93 25.08 25.70 13.26 12.85 11.07 9.92 8.83 8.39 7.55 6.37 5.46 4.13 3.92 3.44 5.18 5.31 7.31 11.76 17.20 8.99 19.10 20.03 25.76 3.62 3.50 2.80 5.12 26.98 24.67 18.34 19.23 20.87 23.22 24.43 25.32 26.89 26.86 25.47 20.95 18.99 18.94 5.30 3.77 3.95 4.54 4.70 3.62 6.71 7.90 6.29 4.19 3.27 2.09 1.31 0 0.57 3.09 4.30 6.31 8.75 10.24 10.85 12.45 13.54 19.89 24.69 22.18 18.85 12.74 11.58 12.68 8.07 7.79 9.68 8.98 11.57 10.18 10.81 11.32 11.74 12.22
17.49 17.02 10.53 11.33 9.74 23.28 22.27 22.27 21.95 26.14 26.76 23.45 13.75 11.97 10.83 9.73 9.30 8.45 7.27 6.37 5.04 4.83 4.43 6.26 6.40 8.39 13.15 15.85 9.68 17.75 18.68 24.41 4.52 4.56 3.86 6.18 25.63 23.32 19.40 20.28 21.93 24.28 25.48 26.38 22.91 21.34 21.49 20.31 18.35 18.30 3.90 3.34 4.85 5.44 5.76 4.60 7.77 8.95 7.38 5.28 3.48 2.29 2.29 1.41 0 2.50 4.24 6.88 8.54 10.03 11.22 12.55 21.43 19.25 25.75 23.24 19.91 13.79 12.64 13.74 9.12 8.84 10.77 10.06 12.65 11.27 11.89 12.41 12.82 13.30
15.84 15.37 9.69 10.48 8.90 11.31 20.62 20.62 20.30 21.49 21.67 11.15 10.74 9.16 8.22 7.35 6.91 6.79 6.50 7.32 5.99 5.22 7.08 7.04 7.17 9.17 13.62 19.06 10.85 20.96 21.89 27.62 5.47 5.36 4.66 6.98 28.84 26.53 24.64 24.94 23.68 24.14 11.53 21.27 21.26 11.82 19.84 18.66 16.70 16.65 2.12 2.87 4.71 6.40 6.56 7.17 8.57 9.76 8.15 6.05 6.54 5.54 4.21 3.41 3.18 0 2.01 4.19 5.42 7.98 10.67 10.19 11.29 17.60 19.79 21.58 11.60 14.59 13.44 14.54 9.92 9.65 11.54 10.83 13.42 12.04 12.66 13.18 13.59 14.08
14.59 14.12 7.22 8.01 6.43 20.38 19.37 19.37 19.05 20.24 20.42 20.54 11.09 9.51 8.58 7.71 7.27 7.14 6.86 7.68 6.35 5.58 7.44 7.39 7.53 9.52 13.97 19.41 11.20 21.31 22.25 27.97 5.83 5.71 5.01 7.33 29.20 26.88 23.39 23.69 22.43 22.88 21.77 20.02 20.01 18.44 18.58 17.41 15.45 15.39 1.42 3.22 5.07 6.75 6.92 7.52 8.93 10.11 8.51 6.41 6.90 6.20 4.57 3.76 3.54 2.21 0 3.57 5.23 6.72 7.91 9.24 18.53 16.35 18.53 20.32 23.00 14.95 13.79 14.90 10.28 10.00 11.90 11.19 13.78 12.40 13.02 13.54 13.95 14.43
14.12 7.69 5.00 7.35 5.76 9.75 18.89 18.90 18.58 19.76 19.95 9.85 9.44 7.86 6.92 6.05 5.61 5.49 5.20 5.38 4.91 3.92 7.66 7.87 10.09 10.05 19.46 22.16 13.76 24.06 24.99 30.72 4.39 4.54 5.51 6.17 31.95 29.63 22.91 23.22 21.96 22.41 10.23 19.54 9.91 10.27 18.11 16.93 14.97 9.65 2.67 2.62 3.41 5.31 5.75 7.49 7.76 8.94 8.90 8.96 9.40 8.22 7.10 7.40 6.10 4.22 2.44 0 3.37 4.86 5.47 7.11 9.73 15.87 18.06 19.85 10.30 11.12 12.73 10.03 9.11 8.83 14.45 13.75 12.51 14.95 15.58 13.38 13.47 14.93
7.95 5.79 3.10 4.94 3.36 7.29 7.93 7.91 8.16 8.75 8.49 7.98 6.65 5.84 5.10 5.07 4.11 4.50 4.32 5.03 6.37 5.38 9.12 9.33 11.14 11.51 17.58 23.02 14.81 24.92 25.85 31.58 5.85 6.00 6.97 7.63 32.80 30.49 22.71 23.01 11.27 9.99 8.35 8.58 7.45 7.80 8.55 8.44 8.30 6.19 4.19 4.14 4.87 4.92 7.21 8.95 9.22 10.40 10.36 10.01 10.51 9.51 8.17 7.37 7.15 6.53 4.75 2.19 0 2.63 3.57 5.21 7.27 9.10 9.27 10.12 8.43 10.15 14.18 9.45 8.54 10.29 15.50 14.80 13.97 16.00 16.63 17.15 17.56 16.38
6.27 4.26 2.26 3.53 3.46 5.69 6.34 6.31 6.56 7.15 6.89 6.33 5.03 4.99 4.24 4.68 4.50 5.44 5.72 6.68 7.98 7.00 10.74 10.95 12.75 13.13 19.20 25.48 16.43 27.38 28.31 32.02 7.47 7.62 8.59 9.24 33.65 32.95 12.59 11.00 9.57 8.56 7.50 6.98 5.85 6.21 6.95 6.84 6.70 4.31 5.81 5.75 6.49 7.20 8.83 10.57 10.00 10.56 11.97 11.63 12.12 12.33 12.33 11.51 8.76 8.34 6.55 3.84 1.83 0 2.04 3.43 5.67 7.51 7.68 9.27 7.58 9.36 11.17 10.14 9.22 10.61 17.12 16.41 14.26 17.62 18.24 15.12 15.21 16.67
5.08 2.92 0.58 1.49 1.95 5.22 5.86 5.84 6.09 6.68 6.42 5.86 5.46 5.47 6.22 6.65 6.48 7.42 7.70 8.66 8.96 7.98 11.71 14.13 14.27 16.26 22.84 25.54 17.94 27.44 28.37 42.71 8.44 8.60 9.56 10.22 44.34 33.01 18.89 19.19 9.10 8.09 6.76 6.51 5.38 5.73 6.48 6.37 4.86 3.33 6.79 6.73 7.46 7.64 9.80 11.54 11.81 13.00 15.24 13.14 13.58 12.40 12.40 11.58 10.28 8.40 6.62 5.72 3.39 1.81 0 2.34 5.20 7.03 7.21 8.21 7.55 11.34 27.40 28.50 11.20 12.89 18.63 17.93 20.52 19.13 19.76 20.28 20.69 36.65
2.74 1.85 2.51 1.44 3.64 3.54 4.18 4.15 4.42 4.99 4.74 4.17 4.40 5.51 5.40 6.27 5.64 6.57 7.00 7.96 9.31 8.93 13.34 13.55 15.95 15.74 24.52 27.23 19.63 29.13 30.06 38.44 9.29 10.22 11.19 11.85 40.07 34.69 14.61 8.83 7.42 6.41 5.08 4.70 3.70 3.76 4.31 4.19 2.51 0.98 8.18 8.84 9.09 8.47 10.70 13.17 11.28 11.84 14.58 14.83 15.26 14.08 14.08 13.26 11.96 10.08 8.30 6.21 4.78 3.20 2.46 0 2.60 4.86 5.12 6.53 6.27 10.56 23.12 11.69 10.42 11.47 14.63 19.61 15.53 16.24 16.55 16.40 33.49 32.37
2.87 3.57 5.44 4.07 6.57 1.84 2.25 1.95 2.23 3.17 3.25 3.37 4.25 4.73 5.74 6.62 6.60 7.54 8.29 9.25 10.60 10.22 27.24 28.79 28.93 27.09 38.07 40.77 32.61 42.67 43.60 32.52 10.59 11.52 24.31 24.85 34.15 48.24 8.70 9.00 6.68 5.67 4.34 2.95 2.19 1.16 1.71 1.59 2.29 2.40 18.37 10.14 10.38 9.76 24.18 26.17 23.82 23.58 29.91 27.81 28.30 27.68 26.28 20.70 20.47 19.27 17.74 16.63 8.17 5.68 5.05 2.90 0 2.26 2.52 4.04 5.53 10.25 17.21 18.32 19.78 20.71 25.95 32.59 26.92 27.55 28.51 26.59 27.58 26.46
2.54 4.29 14.64 11.66 13.85 3.26 3.27 2.65 2.95 4.14 4.32 4.44 6.01 7.41 7.81 8.68 9.28 9.84 11.15 22.65 22.83 24.09 27.18 28.72 28.86 27.02 38.00 40.70 32.54 42.60 43.53 32.46 23.62 23.71 24.24 24.78 34.09 48.17 8.63 8.93 7.67 6.67 5.34 3.92 2.90 2.68 1.24 1.59 2.31 3.70 17.83 19.62 21.46 22.70 24.12 26.10 23.75 23.51 29.84 27.74 28.23 27.61 26.21 20.16 19.93 18.72 17.20 16.09 15.22 8.07 7.18 4.63 3.02 0 2.43 4.81 6.53 18.52 17.14 18.25 19.71 20.64 25.88 32.52 26.85 27.49 28.44 26.52 27.51 26.39
4.12 4.83 7.54 6.25 15.18 2.59 1.58 1.58 1.26 1.51 1.67 2.75 4.32 5.72 6.12 6.99 7.59 8.15 9.46 10.20 21.23 11.49 25.58 27.13 27.27 25.42 36.40 39.11 30.94 41.01 41.94 30.86 22.02 22.11 22.65 23.18 32.49 46.58 7.03 7.34 5.02 4.45 2.67 1.28 2.22 2.17 1.19 2.33 3.54 4.21 19.16 20.95 11.66 21.11 22.52 24.51 22.16 21.92 28.24 26.14 26.64 26.02 24.61 25.06 21.27 20.06 18.54 17.43 9.45 7.69 7.15 5.09 3.33 2.83 0 2.38 3.86 9.02 15.55 16.65 18.11 19.04 24.28 30.93 25.26 25.89 26.84 24.92 25.92 24.79
7.71 9.94 17.43 14.45 16.64 3.59 2.53 2.52 2.21 1.91 2.54 3.70 4.31 5.52 5.50 6.37 7.15 7.53 8.84 19.22 19.40 20.66 23.75 25.29 25.43 23.59 34.57 37.27 29.11 39.17 40.10 29.03 20.19 20.28 20.81 21.35 30.66 44.74 5.20 5.50 3.26 2.27 2.19 2.15 3.25 3.03 3.56 4.67 9.13 5.46 20.62 22.41 21.06 19.27 20.69 22.67 20.32 20.08 26.41 24.31 24.80 24.18 22.78 23.22 23.79 21.52 19.99 18.89 18.02 8.69 15.54 5.95 4.19 6.81 2.20 0 3.42 15.09 13.71 14.82 16.28 17.21 22.45 29.09 23.42 24.06 25.01 23.09 24.08 22.96
10.41 12.64 8.23 8.41 9.70 4.00 3.76 4.11 3.91 3.08 2.92 1.83 2.44 3.61 3.94 4.81 5.58 5.97 7.28 8.01 9.68 9.31 19.08 20.62 20.76 14.30 29.90 32.60 24.44 34.50 35.44 28.35 9.67 15.61 16.14 16.68 29.98 40.07 4.49 3.29 3.17 1.70 1.56 2.92 3.60 5.13 5.66 6.81 7.22 7.03 11.61 10.21 9.71 8.84 16.02 18.00 15.65 10.75 21.74 19.64 20.13 19.52 18.11 18.55 19.12 24.22 22.69 10.48 8.72 7.70 7.65 6.77 5.91 9.51 4.19 2.70 0 4.72 7.27 7.55 7.90 10.23 17.78 24.42 22.75 19.39 19.70 22.42 23.41 22.29
16.24 18.47 11.04 12.88 11.30 8.79 8.65 9.24 9.25 7.98 7.61 6.65 7.05 5.55 5.10 5.97 6.86 6.61 7.23 6.74 7.00 8.26 14.58 16.13 16.26 10.42 25.40 28.10 19.94 30.00 30.94 22.24 7.78 11.11 11.64 12.18 23.87 35.57 5.71 4.84 5.57 5.01 5.90 7.61 8.94 9.75 12.73 13.34 17.67 11.64 15.61 14.07 8.66 6.87 11.52 13.50 11.15 6.87 17.24 15.14 15.63 15.02 13.61 14.05 14.62 17.05 16.14 11.09 9.67 9.38 9.92 9.97 10.41 15.34 11.96 7.22 4.78 0 2.85 3.96 4.65 6.35 13.28 19.92 14.18 14.89 15.20 15.05 15.13 16.59
19.48 21.72 29.21 26.22 28.42 17.76 16.75 16.76 16.44 15.58 16.21 8.25 9.23 8.29 6.82 7.99 9.56 8.63 8.31 7.82 8.00 9.27 7.71 7.92 7.62 7.84 23.17 25.88 17.71 27.78 28.71 21.63 8.79 8.88 9.42 9.95 23.26 33.35 8.84 9.73 11.38 13.72 14.93 15.82 17.39 17.37 15.97 16.58 20.91 21.58 13.38 11.85 9.67 7.88 9.29 7.54 4.88 4.29 7.13 12.91 13.41 12.79 11.38 11.83 12.39 14.82 13.91 12.09 12.95 11.10 27.32 22.51 20.91 18.58 15.20 12.68 6.94 2.50 0 1.38 2.30 3.77 6.93 7.90 7.83 8.54 8.85 8.70 8.79 10.25
20.49 22.72 30.21 27.23 29.42 9.07 17.76 17.76 17.44 16.59 17.22 7.74 7.33 6.38 5.99 6.08 5.80 5.28 5.23 4.74 5.00 6.26 6.83 7.04 6.74 6.97 24.12 26.83 18.66 28.73 29.66 21.93 5.78 5.82 10.37 5.37 23.56 34.30 9.85 10.74 12.39 14.73 8.12 16.83 9.21 18.37 16.98 17.59 21.91 22.58 14.33 12.80 6.66 4.87 4.98 6.66 4.00 3.41 6.25 13.86 14.36 13.74 12.33 12.78 13.34 15.77 14.86 9.09 9.14 10.28 10.81 23.51 21.91 19.59 16.20 13.69 7.21 3.51 1.38 0 0.92 2.89 6.06 7.02 6.96 7.67 7.98 7.83 7.91 9.37
21.87 24.11 10.39 28.62 10.65 8.64 19.14 9.08 9.09 17.97 9.04 7.31 6.90 5.40 4.91 4.81 4.88 4.36 4.31 3.82 4.08 5.34 5.73 6.46 6.77 6.99 19.11 21.81 13.65 23.71 24.65 23.31 4.87 4.90 5.38 4.75 24.94 29.28 11.23 12.12 13.77 9.33 7.69 9.05 8.79 9.60 18.36 18.97 23.30 23.97 9.57 7.59 5.74 3.95 3.97 6.07 3.21 3.44 6.28 8.85 9.34 8.73 7.46 7.76 8.33 10.76 10.11 8.17 8.22 8.39 9.83 9.82 23.30 20.97 17.59 15.07 7.55 4.50 2.30 0.92 0 2.92 6.08 7.05 6.98 7.69 8.00 7.85 7.94 9.40
23.53 25.76 12.35 16.98 15.40 12.13 20.80 20.80 20.48 19.63 20.25 10.81 10.39 8.84 8.20 7.33 6.89 6.37 6.27 4.89 4.03 5.08 3.94 4.15 3.85 4.07 11.83 12.46 8.66 13.20 24.11 20.73 4.60 4.64 5.24 3.94 22.36 18.98 12.89 13.78 15.42 17.77 18.98 19.87 21.44 21.41 20.02 20.63 24.95 25.62 9.25 7.72 5.48 4.44 3.24 3.77 1.11 0.87 3.36 5.69 6.19 8.19 6.78 7.23 7.79 10.23 9.79 7.86 8.73 10.67 12.16 12.88 24.95 22.63 19.24 16.73 10.35 6.55 4.52 3.44 3.53 0 3.66 4.63 4.56 5.27 5.58 5.43 5.51 6.97
27.96 30.19 20.07 20.87 19.28 26.24 25.23 25.23 24.91 24.06 24.68 17.13 16.71 15.77 15.38 10.64 10.21 9.68 8.68 7.15 6.44 7.49 5.75 4.33 3.93 3.47 9.02 11.12 7.32 10.71 19.16 13.72 7.01 10.56 7.06 5.75 14.94 16.48 17.32 18.20 19.85 22.20 23.40 24.29 25.87 25.84 24.44 25.06 29.38 30.05 11.99 9.54 7.89 6.85 5.66 5.58 3.59 2.74 3.06 5.62 6.56 10.63 9.29 9.80 10.31 12.74 12.40 10.28 11.14 13.08 21.05 15.29 29.38 27.05 23.67 21.16 15.60 11.15 9.71 6.75 6.84 3.72 0 1.59 2.97 3.54 3.91 3.94 4.35 3.92
28.92 31.15 20.29 21.08 19.50 27.20 26.19 26.19 25.87 25.02 25.64 18.09 17.68 16.73 16.35 11.61 11.17 10.64 9.64 8.11 7.41 8.45 6.72 5.88 5.48 5.02 8.47 10.43 6.71 9.95 14.48 12.36 7.97 10.78 8.02 6.72 13.58 15.73 18.28 19.17 20.81 23.16 24.37 25.26 26.83 26.80 25.41 26.02 30.34 31.01 12.20 10.50 8.85 7.81 6.62 6.54 4.55 3.70 4.61 6.41 7.82 10.84 9.51 10.01 10.53 12.95 12.61 11.24 12.10 14.04 21.27 16.25 30.34 28.02 24.63 22.12 16.56 12.11 10.68 7.71 7.81 4.68 1.55 0 2.59 2.01 2.32 2.35 2.76 3.24
29.54 31.77 17.63 36.28 21.71 27.82 26.81 26.81 26.49 25.64 26.26 26.49 18.20 17.25 16.87 12.13 11.69 11.16 10.16 8.63 7.93 8.97 7.24 7.45 6.57 6.11 10.35 12.45 9.45 10.81 17.69 12.21 8.49 8.36 8.54 7.24 13.44 16.59 18.90 19.79 21.43 23.78 24.99 25.88 27.45 27.42 26.03 26.64 30.96 31.63 12.55 11.02 9.37 8.33 7.14 7.07 5.07 4.23 5.69 8.62 10.02 13.05 11.72 12.22 12.73 15.16 13.09 11.76 12.62 14.56 18.10 32.56 30.96 28.64 25.25 22.74 23.16 12.63 11.20 8.23 8.33 5.20 2.64 2.63 0 2.53 1.49 1.11 1.18 1.19
26.30 25.83 20.15 20.94 19.36 28.26 27.25 27.25 26.93 26.08 26.70 19.15 18.74 17.79 17.40 12.66 12.23 11.70 14.74 9.17 12.50 12.29 7.77 6.06 5.28 5.21 7.88 9.98 6.98 8.34 15.22 10.80 11.98 10.64 9.94 7.78 12.02 14.12 19.34 20.22 21.87 24.22 25.42 26.32 27.89 27.86 26.46 27.08 31.40 27.10 12.06 12.00 12.32 12.91 7.68 7.60 5.61 4.76 4.79 6.27 7.67 10.70 9.37 9.87 10.38 12.81 12.47 14.55 18.96 20.46 21.13 20.68 31.40 29.08 25.69 23.18 17.62 13.17 11.74 8.77 8.86 5.74 3.27 2.20 2.26 0 0.80 1.58 2.33 3.27
29.52 31.75 21.15 21.94 20.36 27.80 26.79 26.79 26.47 25.62 26.25 26.47 18.93 17.99 17.60 12.86 12.43 11.90 10.90 9.37 8.66 13.29 7.97 6.32 6.28 5.47 8.71 10.81 7.81 9.17 16.05 10.76 12.98 11.64 10.94 7.98 11.99 14.95 18.88 19.77 21.42 23.76 24.97 25.86 27.43 27.40 26.01 26.62 30.94 31.61 13.06 13.00 13.32 9.07 7.88 7.80 5.81 4.96 5.05 7.27 8.67 11.70 10.37 10.87 11.38 13.81 13.47 15.55 13.36 15.30 22.13 32.54 30.94 28.62 25.24 22.72 17.82 13.37 11.93 8.97 9.06 5.94 3.52 2.21 1.46 0.80 0 0.71 1.43 2.37
28.81 31.04 21.86 22.65 21.07 27.09 26.08 26.08 25.76 24.91 25.53 25.75 19.02 18.07 17.69 12.95 12.51 11.98 10.98 9.45 8.74 9.79 8.05 8.27 6.19 5.73 9.61 11.71 8.71 10.07 16.95 11.12 9.31 12.34 11.65 8.06 12.34 15.84 18.17 19.05 20.70 23.05 24.25 25.15 26.72 26.69 25.29 25.91 30.23 30.90 13.77 13.71 10.19 9.15 7.96 7.88 5.89 5.04 5.32 7.98 9.38 12.41 11.08 11.58 12.09 14.52 14.18 12.58 13.44 15.38 22.84 31.83 30.23 27.91 24.52 22.01 22.43 13.45 12.02 9.05 9.14 6.02 4.08 2.78 1.10 1.81 0.98 0 0.72 1.66
30.19 32.42 22.36 36.93 21.57 28.47 27.46 27.46 27.14 26.29 26.92 27.14 27.75 21.56 21.17 12.91 12.47 11.95 10.94 9.41 8.71 9.75 8.02 8.23 6.53 6.07 10.11 12.21 9.21 10.57 17.45 11.39 9.28 9.14 9.33 8.02 12.62 16.35 19.55 20.44 22.09 24.43 25.64 26.53 28.10 28.07 26.68 27.29 31.61 32.28 14.28 11.81 10.15 9.11 7.92 7.85 5.86 5.01 5.66 8.48 9.89 12.92 11.58 12.09 12.60 15.03 14.69 12.54 13.40 15.34 23.34 33.21 31.61 29.29 25.90 23.39 23.81 13.41 11.98 9.01 9.11 5.98 3.76 2.69 1.18 2.28 1.48 0.85 0 0.98
29.07 31.30 38.79 35.81 38.00 27.35 26.34 26.34 26.02 25.17 25.79 26.02 26.63 20.44 20.05 20.14 12.47 11.95 10.94 9.41 8.71 9.75 8.02 8.23 7.69 7.23 11.05 13.15 10.15 11.51 18.39 11.83 9.28 9.14 9.33 8.02 13.06 17.29 18.43 19.31 20.96 23.31 24.51 25.41 26.98 26.95 25.55 26.17 30.49 31.16 13.34 11.81 10.15 9.12 7.92 7.85 5.86 5.01 6.82 9.32 10.72 13.75 12.42 12.92 13.43 15.86 13.87 12.54 13.40 15.34 36.90 32.09 30.49 28.17 24.78 22.27 22.69 15.82 14.39 9.02 9.11 5.98 3.76 3.33 1.18 3.23 2.43 1.80 1.04 0
