28.25 20.05 10.78 13.43 11.85 26.53 25.52 25.52 25.20 24.35 24.97 13.66 13.25 11.47 10.32 9.23 8.79 7.95 6.77 5.87 4.54 4.32 0.17 1.00 2.55 3.05 9.95 10.98 7.18 21.05 21.98 17.87 4.02 2.69 1.69 1.81 19.10 19.87 17.61 18.50 20.14 22.49 23.69 24.59 26.16 26.13 24.73 25.35 29.67 13.69 5.70 4.17 4.35 4.94 3.09 0 3.38 3.35 2.03 2.44 2.93 3.36 2.52 4.10 4.61 8.09 6.23 6.72 9.15 10.64 11.25 12.85 13.94 27.35 23.96 21.45 18.12 12.01 7.32 6.24 6.33 3.91 4.77 4.67 6.92 8.37 9.00 7.78 7.87 9.33 
23.90 26.13 10.57 15.71 14.12 12.54 21.17 21.17 20.85 20.00 20.62 11.22 10.80 9.02 7.88 6.89 6.45 5.53 4.42 3.52 3.06 4.10 3.58 3.79 4.20 4.43 17.70 20.40 10.07 22.30 23.23 21.07 3.63 3.67 3.97 2.58 22.70 19.32 13.26 14.14 15.79 18.14 11.59 20.24 21.81 21.78 20.38 21.00 25.32 25.99 7.98 6.45 4.51 3.07 2.27 3.41 0 1.21 3.71 5.33 5.83 7.31 5.91 6.35 6.92 9.35 8.51 6.89 7.75 8.88 10.37 11.09 25.32 23.00 19.61 17.10 10.71 6.92 4.89 3.80 3.12 1.48 4.00 4.97 4.90 5.61 5.92 5.77 5.86 7.32 
25.67 27.91 12.40 32.42 15.16 23.96 22.95 22.95 22.63 21.78 22.40 14.85 14.43 13.49 13.10 7.34 6.90 6.37 6.31 4.78 4.08 5.12 3.69 3.91 3.85 4.08 11.87 13.99 10.19 12.33 24.15 19.86 4.64 4.68 5.00 3.70 21.49 18.11 15.03 15.92 17.57 19.91 21.12 22.01 23.59 23.56 22.16 22.77 27.10 27.77 9.01 7.48 5.52 4.48 3.29 3.52 1.22 0 3.36 5.45 5.94 8.23 6.90 7.27 7.84 10.27 9.54 7.91 8.77 10.71 12.20 28.70 27.10 24.77 21.39 18.88 13.32 8.87 7.43 3.44 3.54 1.04 2.79 3.76 3.69 4.40 4.71 4.56 4.64 6.10 
24.51 24.04 18.36 19.15 17.57 14.92 23.59 23.59 23.27 22.42 23.05 13.60 13.18 11.63 10.99 10.12 9.68 9.16 8.25 7.35 6.02 10.50 2.76 2.13 1.79 1.02 8.77 9.41 5.60 11.38 17.44 14.70 10.19 8.84 4.08 4.33 15.93 17.16 15.68 16.57 18.22 20.56 21.77 22.66 24.23 24.20 22.81 23.42 27.74 25.31 8.10 6.56 10.52 6.43 5.13 2.59 3.67 3.21 0 3.58 4.52 5.70 7.58 8.08 8.59 11.02 10.68 9.11 11.54 13.03 13.64 15.24 27.74 25.42 22.04 19.52 13.14 9.34 7.31 6.23 6.32 3.90 3.04 2.95 5.54 4.91 5.27 5.29 5.71 6.19 
20.25 19.78 14.10 14.89 13.31 28.35 27.34 27.34 27.02 26.17 26.80 27.02 15.17 13.39 12.24 11.15 10.71 9.87 8.69 7.79 6.45 6.24 1.99 2.12 1.82 3.60 8.04 9.07 5.27 19.72 20.65 15.96 5.94 4.59 3.89 3.53 17.18 25.29 19.43 20.32 21.97 24.31 25.52 26.41 27.98 27.95 26.56 27.17 31.49 21.06 6.01 5.95 6.27 6.86 5.79 2.08 5.09 5.07 2.59 0 1.27 2.45 3.32 3.82 4.34 6.77 6.42 8.50 12.92 14.41 15.08 14.63 31.49 29.17 25.78 23.27 19.94 13.83 12.67 13.77 9.16 5.63 5.33 5.25 7.84 6.46 7.08 7.60 8.01 8.49 
20.62 20.15 14.46 15.26 13.68 28.72 27.71 27.71 27.39 26.54 27.16 27.38 15.53 13.75 12.61 11.51 11.08 10.23 9.05 8.15 6.82 6.61 2.35 3.09 3.17 4.85 10.74 13.44 6.93 15.34 16.27 22.00 6.30 4.95 4.25 3.90 23.22 20.91 19.79 20.68 22.33 24.67 25.88 26.77 28.35 28.32 26.92 27.54 31.86 21.42 6.38 6.32 6.63 7.22 6.16 2.44 5.46 5.43 3.83 1.46 0 1.51 2.82 4.19 4.70 6.12 6.79 8.87 13.28 14.77 15.45 15.00 31.86 29.53 26.15 23.64 20.31 14.19 13.03 14.14 9.52 6.00 6.57 6.91 9.50 8.12 8.74 9.26 9.67 10.15 
19.30 18.83 12.34 13.14 11.55 27.95 26.94 26.94 26.62 25.77 26.39 26.62 14.77 12.99 11.84 10.75 10.31 9.47 8.29 7.38 6.05 5.84 3.54 4.28 4.36 6.03 12.04 14.75 8.57 16.65 17.58 23.30 5.54 4.19 3.49 4.68 24.53 22.21 19.03 19.92 21.56 23.91 25.12 26.01 27.58 27.55 26.16 26.77 20.16 20.11 5.60 5.48 5.87 6.46 4.84 3.63 6.85 6.62 5.02 2.65 1.63 0 1.61 2.41 2.98 4.18 6.05 8.69 10.35 11.84 13.03 14.36 31.09 28.77 25.38 22.87 19.54 13.43 12.27 13.37 8.21 7.19 8.77 8.17 10.76 9.37 10.00 10.52 10.93 11.41 
18.54 18.07 12.38 13.18 11.59 27.18 26.17 26.18 25.86 25.00 25.63 13.66 13.25 11.47 10.32 9.23 8.79 7.94 6.77 5.86 4.53 4.32 2.14 3.44 3.84 5.84 12.28 14.99 7.52 16.89 17.82 23.55 4.01 2.83 1.83 3.07 24.77 22.46 18.26 19.15 20.80 23.14 24.35 25.24 26.82 26.79 25.39 26.00 19.39 19.34 4.29 4.17 4.34 4.94 3.23 2.31 5.24 6.45 4.82 2.31 2.21 1.33 0 1.40 1.95 4.52 4.71 6.71 9.14 10.63 11.25 12.84 30.33 20.29 24.62 22.10 18.78 12.66 11.50 7.51 6.60 6.32 8.21 7.50 10.09 8.71 9.33 9.85 10.27 10.75 
18.13 17.67 11.13 11.93 10.34 27.26 26.25 26.25 25.93 25.08 25.70 13.26 12.85 11.07 9.92 8.83 8.39 7.55 6.37 5.46 4.13 3.92 3.44 5.18 5.31 7.31 11.76 17.20 8.99 19.10 20.03 25.76 3.62 3.50 2.80 5.12 26.98 24.67 18.34 19.23 20.87 23.22 24.43 25.32 26.89 26.86 25.47 20.95 18.99 18.94 5.30 3.77 3.95 4.54 4.70 3.62 6.71 7.90 6.29 4.19 3.27 2.09 1.31 0 0.57 3.09 4.30 6.31 8.75 10.24 10.85 12.45 13.54 19.89 24.69 22.18 18.85 12.74 11.58 12.68 8.07 7.79 9.68 8.98 11.57 10.18 10.81 11.32 11.74 12.22 
17.49 17.02 10.53 11.33 9.74 23.28 22.27 22.27 21.95 26.14 26.76 23.45 13.75 11.97 10.83 9.73 9.30 8.45 7.27 6.37 5.04 4.83 4.43 6.26 6.40 8.39 13.15 15.85 9.68 17.75 18.68 24.41 4.52 4.56 3.86 6.18 25.63 23.32 19.40 20.28 21.93 24.28 25.48 26.38 22.91 21.34 21.49 20.31 18.35 18.30 3.90 3.34 4.85 5.44 5.76 4.60 7.77 8.95 7.38 5.28 3.48 2.29 2.29 1.41 0 2.50 4.24 6.88 8.54 10.03 11.22 12.55 21.43 19.25 25.75 23.24 19.91 13.79 12.64 13.74 9.12 8.84 10.77 10.06 12.65 11.27 11.89 12.41 12.82 13.30 
15.84 15.37 9.69 10.48 8.90 11.31 20.62 20.62 20.30 21.49 21.67 11.15 10.74 9.16 8.22 7.35 6.91 6.79 6.50 7.32 5.99 5.22 7.08 7.04 7.17 9.17 13.62 19.06 10.85 20.96 21.89 27.62 5.47 5.36 4.66 6.98 28.84 26.53 24.64 24.94 23.68 24.14 11.53 21.27 21.26 11.82 19.84 18.66 16.70 16.65 2.12 2.87 4.71 6.40 6.56 7.17 8.57 9.76 8.15 6.05 6.54 5.54 4.21 3.41 3.18 0 2.01 4.19 5.42 7.98 10.67 10.19 11.29 17.60 19.79 21.58 11.60 14.59 13.44 14.54 9.92 9.65 11.54 10.83 13.42 12.04 12.66 13.18 13.59 14.08 
14.59 14.12 7.22 8.01 6.43 20.38 19.37 19.37 19.05 20.24 20.42 20.54 11.09 9.51 8.58 7.71 7.27 7.14 6.86 7.68 6.35 5.58 7.44 7.39 7.53 9.52 13.97 19.41 11.20 21.31 22.25 27.97 5.83 5.71 5.01 7.33 29.20 26.88 23.39 23.69 22.43 22.88 21.77 20.02 20.01 18.44 18.58 17.41 15.45 15.39 1.42 3.22 5.07 6.75 6.92 7.52 8.93 10.11 8.51 6.41 6.90 6.20 4.57 3.76 3.54 2.21 0 3.57 5.23 6.72 7.91 9.24 18.53 16.35 18.53 20.32 23.00 14.95 13.79 14.90 10.28 10.00 11.90 11.19 13.78 12.40 13.02 13.54 13.95 14.43 
14.12 7.69 5.00 7.35 5.76 9.75 18.89 18.90 18.58 19.76 19.95 9.85 9.44 7.86 6.92 6.05 5.61 5.49 5.20 5.38 4.91 3.92 7.66 7.87 10.09 10.05 19.46 22.16 13.76 24.06 24.99 30.72 4.39 4.54 5.51 6.17 31.95 29.63 22.91 23.22 21.96 22.41 10.23 19.54 9.91 10.27 18.11 16.93 14.97 9.65 2.67 2.62 3.41 5.31 5.75 7.49 7.76 8.94 8.90 8.96 9.40 8.22 7.10 7.40 6.10 4.22 2.44 0 3.37 4.86 5.47 7.11 9.73 15.87 18.06 19.85 10.30 11.12 12.73 10.03 9.11 8.83 14.45 13.75 12.51 14.95 15.58 13.38 13.47 14.93 
7.95 5.79 3.10 4.94 3.36 7.29 7.93 7.91 8.16 8.75 8.49 7.98 6.65 5.84 5.10 5.07 4.11 4.50 4.32 5.03 6.37 5.38 9.12 9.33 11.14 11.51 17.58 23.02 14.81 24.92 25.85 31.58 5.85 6.00 6.97 7.63 32.80 30.49 22.71 23.01 11.27 9.99 8.35 8.58 7.45 7.80 8.55 8.44 8.30 6.19 4.19 4.14 4.87 4.92 7.21 8.95 9.22 10.40 10.36 10.01 10.51 9.51 8.17 7.37 7.15 6.53 4.75 2.19 0 2.63 3.57 5.21 7.27 9.10 9.27 10.12 8.43 10.15 14.18 9.45 8.54 10.29 15.50 14.80 13.97 16.00 16.63 17.15 17.56 16.38 
6.27 4.26 2.26 3.53 3.46 5.69 6.34 6.31 6.56 7.15 6.89 6.33 5.03 4.99 4.24 4.68 4.50 5.44 5.72 6.68 7.98 7.00 10.74 10.95 12.75 13.13 19.20 25.48 16.43 27.38 28.31 32.02 7.47 7.62 8.59 9.24 33.65 32.95 12.59 11.00 9.57 8.56 7.50 6.98 5.85 6.21 6.95 6.84 6.70 4.31 5.81 5.75 6.49 7.20 8.83 10.57 10.00 10.56 11.97 11.63 12.12 12.33 12.33 11.51 8.76 8.34 6.55 3.84 1.83 0 2.04 3.43 5.67 7.51 7.68 9.27 7.58 9.36 11.17 10.14 9.22 10.61 17.12 16.41 14.26 17.62 18.24 15.12 15.21 16.67 
5.08 2.92 0.58 1.49 1.95 5.22 5.86 5.84 6.09 6.68 6.42 5.86 5.46 5.47 6.22 6.65 6.48 7.42 7.70 8.66 8.96 7.98 11.71 14.13 14.27 16.26 22.84 25.54 17.94 27.44 28.37 42.71 8.44 8.60 9.56 10.22 44.34 33.01 18.89 19.19 9.10 8.09 6.76 6.51 5.38 5.73 6.48 6.37 4.86 3.33 6.79 6.73 7.46 7.64 9.80 11.54 11.81 13.00 15.24 13.14 13.58 12.40 12.40 11.58 10.28 8.40 6.62 5.72 3.39 1.81 0 2.34 5.20 7.03 7.21 8.21 7.55 11.34 27.40 28.50 11.20 12.89 18.63 17.93 20.52 19.13 19.76 20.28 20.69 36.65 
2.74 1.85 2.51 1.44 3.64 3.54 4.18 4.15 4.42 4.99 4.74 4.17 4.40 5.51 5.40 6.27 5.64 6.57 7.00 7.96 9.31 8.93 13.34 13.55 15.95 15.74 24.52 27.23 19.63 29.13 30.06 38.44 9.29 10.22 11.19 11.85 40.07 34.69 14.61 8.83 7.42 6.41 5.08 4.70 3.70 3.76 4.31 4.19 2.51 0.98 8.18 8.84 9.09 8.47 10.70 13.17 11.28 11.84 14.58 14.83 15.26 14.08 14.08 13.26 11.96 10.08 8.30 6.21 4.78 3.20 2.46 0 2.60 4.86 5.12 6.53 6.27 10.56 23.12 11.69 10.42 11.47 14.63 19.61 15.53 16.24 16.55 16.40 33.49 32.37 
2.87 3.57 5.44 4.07 6.57 1.84 2.25 1.95 2.23 3.17 3.25 3.37 4.25 4.73 5.74 6.62 6.60 7.54 8.29 9.25 10.60 10.22 27.24 28.79 28.93 27.09 38.07 40.77 32.61 42.67 43.60 32.52 10.59 11.52 24.31 24.85 34.15 48.24 8.70 9.00 6.68 5.67 4.34 2.95 2.19 1.16 1.71 1.59 2.29 2.40 18.37 10.14 10.38 9.76 24.18 26.17 23.82 23.58 29.91 27.81 28.30 27.68 26.28 20.70 20.47 19.27 17.74 16.63 8.17 5.68 5.05 2.90 0 2.26 2.52 4.04 5.53 10.25 17.21 18.32 19.78 20.71 25.95 32.59 26.92 27.55 28.51 26.59 27.58 26.46 
2.54 4.29 14.64 11.66 13.85 3.26 3.27 2.65 2.95 4.14 4.32 4.44 6.01 7.41 7.81 8.68 9.28 9.84 11.15 22.65 22.83 24.09 27.18 28.72 28.86 27.02 38.00 40.70 32.54 42.60 43.53 32.46 23.62 23.71 24.24 24.78 34.09 48.17 8.63 8.93 7.67 6.67 5.34 3.92 2.90 2.68 1.24 1.59 2.31 3.70 17.83 19.62 21.46 22.70 24.12 26.10 23.75 23.51 29.84 27.74 28.23 27.61 26.21 20.16 19.93 18.72 17.20 16.09 15.22 8.07 7.18 4.63 3.02 0 2.43 4.81 6.53 18.52 17.14 18.25 19.71 20.64 25.88 32.52 26.85 27.49 28.44 26.52 27.51 26.39 
4.12 4.83 7.54 6.25 15.18 2.59 1.58 1.58 1.26 1.51 1.67 2.75 4.32 5.72 6.12 6.99 7.59 8.15 9.46 10.20 21.23 11.49 25.58 27.13 27.27 25.42 36.40 39.11 30.94 41.01 41.94 30.86 22.02 22.11 22.65 23.18 32.49 46.58 7.03 7.34 5.02 4.45 2.67 1.28 2.22 2.17 1.19 2.33 3.54 4.21 19.16 20.95 11.66 21.11 22.52 24.51 22.16 21.92 28.24 26.14 26.64 26.02 24.61 25.06 21.27 20.06 18.54 17.43 9.45 7.69 7.15 5.09 3.33 2.83 0 2.38 3.86 9.02 15.55 16.65 18.11 19.04 24.28 30.93 25.26 25.89 26.84 24.92 25.92 24.79 
7.71 9.94 17.43 14.45 16.64 3.59 2.53 2.52 2.21 1.91 2.54 3.70 4.31 5.52 5.50 6.37 7.15 7.53 8.84 19.22 19.40 20.66 23.75 25.29 25.43 23.59 34.57 37.27 29.11 39.17 40.10 29.03 20.19 20.28 20.81 21.35 30.66 44.74 5.20 5.50 3.26 2.27 2.19 2.15 3.25 3.03 3.56 4.67 9.13 5.46 20.62 22.41 21.06 19.27 20.69 22.67 20.32 20.08 26.41 24.31 24.80 24.18 22.78 23.22 23.79 21.52 19.99 18.89 18.02 8.69 15.54 5.95 4.19 6.81 2.20 0 3.42 15.09 13.71 14.82 16.28 17.21 22.45 29.09 23.42 24.06 25.01 23.09 24.08 22.96 
10.41 12.64 8.23 8.41 9.70 4.00 3.76 4.11 3.91 3.08 2.92 1.83 2.44 3.61 3.94 4.81 5.58 5.97 7.28 8.01 9.68 9.31 19.08 20.62 20.76 14.30 29.90 32.60 24.44 34.50 35.44 28.35 9.67 15.61 16.14 16.68 29.98 40.07 4.49 3.29 3.17 1.70 1.56 2.92 3.60 5.13 5.66 6.81 7.22 7.03 11.61 10.21 9.71 8.84 16.02 18.00 15.65 10.75 21.74 19.64 20.13 19.52 18.11 18.55 19.12 24.22 22.69 10.48 8.72 7.70 7.65 6.77 5.91 9.51 4.19 2.70 0 4.72 7.27 7.55 7.90 10.23 17.78 24.42 22.75 19.39 19.70 22.42 23.41 22.29 
16.24 18.47 11.04 12.88 11.30 8.79 8.65 9.24 9.25 7.98 7.61 6.65 7.05 5.55 5.10 5.97 6.86 6.61 7.23 6.74 7.00 8.26 14.58 16.13 16.26 10.42 25.40 28.10 19.94 30.00 30.94 22.24 7.78 11.11 11.64 12.18 23.87 35.57 5.71 4.84 5.57 5.01 5.90 7.61 8.94 9.75 12.73 13.34 17.67 11.64 15.61 14.07 8.66 6.87 11.52 13.50 11.15 6.87 17.24 15.14 15.63 15.02 13.61 14.05 14.62 17.05 16.14 11.09 9.67 9.38 9.92 9.97 10.41 15.34 11.96 7.22 4.78 0 2.85 3.96 4.65 6.35 13.28 19.92 14.18 14.89 15.20 15.05 15.13 16.59 
19.48 21.72 29.21 26.22 28.42 17.76 16.75 16.76 16.44 15.58 16.21 8.25 9.23 8.29 6.82 7.99 9.56 8.63 8.31 7.82 8.00 9.27 7.71 7.92 7.62 7.84 23.17 25.88 17.71 27.78 28.71 21.63 8.79 8.88 9.42 9.95 23.26 33.35 8.84 9.73 11.38 13.72 14.93 15.82 17.39 17.37 15.97 16.58 20.91 21.58 13.38 11.85 9.67 7.88 9.29 7.54 4.88 4.29 7.13 12.91 13.41 12.79 11.38 11.83 12.39 14.82 13.91 12.09 12.95 11.10 27.32 22.51 20.91 18.58 15.20 12.68 6.94 2.50 0 1.38 2.30 3.77 6.93 7.90 7.83 8.54 8.85 8.70 8.79 10.25 
20.49 22.72 30.21 27.23 29.42 9.07 17.76 17.76 17.44 16.59 17.22 7.74 7.33 6.38 5.99 6.08 5.80 5.28 5.23 4.74 5.00 6.26 6.83 7.04 6.74 6.97 24.12 26.83 18.66 28.73 29.66 21.93 5.78 5.82 10.37 5.37 23.56 34.30 9.85 10.74 12.39 14.73 8.12 16.83 9.21 18.37 16.98 17.59 21.91 22.58 14.33 12.80 6.66 4.87 4.98 6.66 4.00 3.41 6.25 13.86 14.36 13.74 12.33 12.78 13.34 15.77 14.86 9.09 9.14 10.28 10.81 23.51 21.91 19.59 16.20 13.69 7.21 3.51 1.38 0 0.92 2.89 6.06 7.02 6.96 7.67 7.98 7.83 7.91 9.37 
21.87 24.11 10.39 28.62 10.65 8.64 19.14 9.08 9.09 17.97 9.04 7.31 6.90 5.40 4.91 4.81 4.88 4.36 4.31 3.82 4.08 5.34 5.73 6.46 6.77 6.99 19.11 21.81 13.65 23.71 24.65 23.31 4.87 4.90 5.38 4.75 24.94 29.28 11.23 12.12 13.77 9.33 7.69 9.05 8.79 9.60 18.36 18.97 23.30 23.97 9.57 7.59 5.74 3.95 3.97 6.07 3.21 3.44 6.28 8.85 9.34 8.73 7.46 7.76 8.33 10.76 10.11 8.17 8.22 8.39 9.83 9.82 23.30 20.97 17.59 15.07 7.55 4.50 2.30 0.92 0 2.92 6.08 7.05 6.98 7.69 8.00 7.85 7.94 9.40 
23.53 25.76 12.35 16.98 15.40 12.13 20.80 20.80 20.48 19.63 20.25 10.81 10.39 8.84 8.20 7.33 6.89 6.37 6.27 4.89 4.03 5.08 3.94 4.15 3.85 4.07 11.83 12.46 8.66 13.20 24.11 20.73 4.60 4.64 5.24 3.94 22.36 18.98 12.89 13.78 15.42 17.77 18.98 19.87 21.44 21.41 20.02 20.63 24.95 25.62 9.25 7.72 5.48 4.44 3.24 3.77 1.11 0.87 3.36 5.69 6.19 8.19 6.78 7.23 7.79 10.23 9.79 7.86 8.73 10.67 12.16 12.88 24.95 22.63 19.24 16.73 10.35 6.55 4.52 3.44 3.53 0 3.66 4.63 4.56 5.27 5.58 5.43 5.51 6.97 
27.96 30.19 20.07 20.87 19.28 26.24 25.23 25.23 24.91 24.06 24.68 17.13 16.71 15.77 15.38 10.64 10.21 9.68 8.68 7.15 6.44 7.49 5.75 4.33 3.93 3.47 9.02 11.12 7.32 10.71 19.16 13.72 7.01 10.56 7.06 5.75 14.94 16.48 17.32 18.20 19.85 22.20 23.40 24.29 25.87 25.84 24.44 25.06 29.38 30.05 11.99 9.54 7.89 6.85 5.66 5.58 3.59 2.74 3.06 5.62 6.56 10.63 9.29 9.80 10.31 12.74 12.40 10.28 11.14 13.08 21.05 15.29 29.38 27.05 23.67 21.16 15.60 11.15 9.71 6.75 6.84 3.72 0 1.59 2.97 3.54 3.91 3.94 4.35 3.92 
28.92 31.15 20.29 21.08 19.50 27.20 26.19 26.19 25.87 25.02 25.64 18.09 17.68 16.73 16.35 11.61 11.17 10.64 9.64 8.11 7.41 8.45 6.72 5.88 5.48 5.02 8.47 10.43 6.71 9.95 14.48 12.36 7.97 10.78 8.02 6.72 13.58 15.73 18.28 19.17 20.81 23.16 24.37 25.26 26.83 26.80 25.41 26.02 30.34 31.01 12.20 10.50 8.85 7.81 6.62 6.54 4.55 3.70 4.61 6.41 7.82 10.84 9.51 10.01 10.53 12.95 12.61 11.24 12.10 14.04 21.27 16.25 30.34 28.02 24.63 22.12 16.56 12.11 10.68 7.71 7.81 4.68 1.55 0 2.59 2.01 2.32 2.35 2.76 3.24 
29.54 31.77 17.63 36.28 21.71 27.82 26.81 26.81 26.49 25.64 26.26 26.49 18.20 17.25 16.87 12.13 11.69 11.16 10.16 8.63 7.93 8.97 7.24 7.45 6.57 6.11 10.35 12.45 9.45 10.81 17.69 12.21 8.49 8.36 8.54 7.24 13.44 16.59 18.90 19.79 21.43 23.78 24.99 25.88 27.45 27.42 26.03 26.64 30.96 31.63 12.55 11.02 9.37 8.33 7.14 7.07 5.07 4.23 5.69 8.62 10.02 13.05 11.72 12.22 12.73 15.16 13.09 11.76 12.62 14.56 18.10 32.56 30.96 28.64 25.25 22.74 23.16 12.63 11.20 8.23 8.33 5.20 2.64 2.63 0 2.53 1.49 1.11 1.18 1.19 
26.30 25.83 20.15 20.94 19.36 28.26 27.25 27.25 26.93 26.08 26.70 19.15 18.74 17.79 17.40 12.66 12.23 11.70 14.74 9.17 12.50 12.29 7.77 6.06 5.28 5.21 7.88 9.98 6.98 8.34 15.22 10.80 11.98 10.64 9.94 7.78 12.02 14.12 19.34 20.22 21.87 24.22 25.42 26.32 27.89 27.86 26.46 27.08 31.40 27.10 12.06 12.00 12.32 12.91 7.68 7.60 5.61 4.76 4.79 6.27 7.67 10.70 9.37 9.87 10.38 12.81 12.47 14.55 18.96 20.46 21.13 20.68 31.40 29.08 25.69 23.18 17.62 13.17 11.74 8.77 8.86 5.74 3.27 2.20 2.26 0 0.80 1.58 2.33 3.27 
29.52 31.75 21.15 21.94 20.36 27.80 26.79 26.79 26.47 25.62 26.25 26.47 18.93 17.99 17.60 12.86 12.43 11.90 10.90 9.37 8.66 13.29 7.97 6.32 6.28 5.47 8.71 10.81 7.81 9.17 16.05 10.76 12.98 11.64 10.94 7.98 11.99 14.95 18.88 19.77 21.42 23.76 24.97 25.86 27.43 27.40 26.01 26.62 30.94 31.61 13.06 13.00 13.32 9.07 7.88 7.80 5.81 4.96 5.05 7.27 8.67 11.70 10.37 10.87 11.38 13.81 13.47 15.55 13.36 15.30 22.13 32.54 30.94 28.62 25.24 22.72 17.82 13.37 11.93 8.97 9.06 5.94 3.52 2.21 1.46 0.80 0 0.71 1.43 2.37 
28.81 31.04 21.86 22.65 21.07 27.09 26.08 26.08 25.76 24.91 25.53 25.75 19.02 18.07 17.69 12.95 12.51 11.98 10.98 9.45 8.74 9.79 8.05 8.27 6.19 5.73 9.61 11.71 8.71 10.07 16.95 11.12 9.31 12.34 11.65 8.06 12.34 15.84 18.17 19.05 20.70 23.05 24.25 25.15 26.72 26.69 25.29 25.91 30.23 30.90 13.77 13.71 10.19 9.15 7.96 7.88 5.89 5.04 5.32 7.98 9.38 12.41 11.08 11.58 12.09 14.52 14.18 12.58 13.44 15.38 22.84 31.83 30.23 27.91 24.52 22.01 22.43 13.45 12.02 9.05 9.14 6.02 4.08 2.78 1.10 1.81 0.98 0 0.72 1.66 
30.19 32.42 22.36 36.93 21.57 28.47 27.46 27.46 27.14 26.29 26.92 27.14 27.75 21.56 21.17 12.91 12.47 11.95 10.94 9.41 8.71 9.75 8.02 8.23 6.53 6.07 10.11 12.21 9.21 10.57 17.45 11.39 9.28 9.14 9.33 8.02 12.62 16.35 19.55 20.44 22.09 24.43 25.64 26.53 28.10 28.07 26.68 27.29 31.61 32.28 14.28 11.81 10.15 9.11 7.92 7.85 5.86 5.01 5.66 8.48 9.89 12.92 11.58 12.09 12.60 15.03 14.69 12.54 13.40 15.34 23.34 33.21 31.61 29.29 25.90 23.39 23.81 13.41 11.98 9.01 9.11 5.98 3.76 2.69 1.18 2.28 1.48 0.85 0 0.98 
29.07 31.30 38.79 35.81 38.00 27.35 26.34 26.34 26.02 25.17 25.79 26.02 26.63 20.44 20.05 20.14 12.47 11.95 10.94 9.41 8.71 9.75 8.02 8.23 7.69 7.23 11.05 13.15 10.15 11.51 18.39 11.83 9.28 9.14 9.33 8.02 13.06 17.29 18.43 19.31 20.96 23.31 24.51 25.41 26.98 26.95 25.55 26.17 30.49 31.16 13.34 11.81 10.15 9.12 7.92 7.85 5.86 5.01 6.82 9.32 10.72 13.75 12.42 12.92 13.43 15.86 13.87 12.54 13.40 15.34 36.90 32.09 30.49 28.17 24.78 22.27 22.69 15.82 14.39 9.02 9.11 5.98 3.76 3.33 1.18 3.23 2.43 1.80 1.04 0 
