#distancias (INSTANCIA CIUDAD DE MONTEVIDEO)
CANT_ORIG:40
CANT_DEST:20
0 929 1778 1551 1971 2111 2395 3556 3152 3550 4999 5272 5782 7347 9286 9185 9564 12065 14914 17214 10207 7662 8268 7678 7316 7359 7848 9504 7393 10194 8283 10783 11800 13949 13324 13876 16430 17532 17445 16152 16269 16664 19927 17517 13991 12942 12673 11803 11146 10463 10395 9394 9950 10825 11806 12547 13528 11924 12393 14810
1421 0 1980 2692 3112 3834 3536 4697 3353 3751 5200 5474 5983 7549 9488 9387 9766 12266 15115 17416 10408 7863 8470 7880 7518 7561 8050 10645 8533 11335 8484 10985 12002 14150 13525 14078 17571 18672 18585 16353 16470 16866 21068 17719 14193 13144 12875 12005 11348 10665 10597 9595 10152 11026 12008 12748 13730 12126 12595 15012
1101 1920 0 937 1360 1237 1784 2137 1400 2240 3689 3962 4471 6037 7976 7875 8254 10754 13603 15904 8897 6352 6958 6206 6140 5887 6376 7839 7122 8493 6811 9311 10328 12477 11852 12405 13282 14565 15155 14680 14797 15192 16690 16045 12520 11470 11202 10331 9675 8991 8923 7922 8478 9353 10334 11075 12056 10452 10921 13500
1120 2091 734 0 831 1129 1255 2416 2123 2973 4422 4696 5205 6771 8710 8609 8988 11488 14337 16638 9630 7085 7692 6912 6170 6312 6900 8704 6593 8252 7236 12005 13022 12902 12277 14493 15630 16732 16645 18195 18564 15618 19128 16470 12945 11895 11627 12756 12044 11507 10999 8347 8903 10059 11040 11781 12762 11159 11627 14234
1940 2911 1555 817 0 723 424 1585 1710 3434 4759 5197 5706 7272 9211 9110 9488 11989 14838 17139 9467 6929 7536 6885 5759 6014 6069 7555 5443 7421 6938 9438 10456 12604 11979 12532 14481 15582 15495 14807 14924 15320 17978 16173 12647 11598 11329 10459 9802 9119 9849 8049 8606 9717 10698 11439 12442 12146 11600 14078
1965 3168 1243 1378 975 0 531 900 992 2717 4042 4897 5407 6972 8911 8810 9189 11690 14539 16839 8749 6211 6818 6168 5041 5297 5381 6263 5326 6904 6221 8721 9738 11887 11262 11814 12691 13975 15467 14090 14207 14602 17950 15455 11929 10880 10611 9741 9084 8401 8333 7332 7888 8010 9012 10351 11724 11429 10883 13360
2334 3853 1950 1212 809 710 0 1161 1390 3422 4747 5602 6112 7677 9616 9515 9894 12394 15243 17544 9454 6916 7523 6872 5408 5862 5645 7131 5019 6997 6674 9580 10597 12746 12121 12919 14056 15158 15071 16621 16990 15461 17554 16314 12788 11739 11470 10600 9019 8471 9425 7396 8747 8376 9378 10717 11002 12133 11588 14065
2899 5560 2178 2583 2180 996 1736 0 903 3083 4405 5072 5809 7285 9753 9652 10030 12531 15380 10417 9220 6682 7288 6502 4555 4884 4652 5363 4231 6004 5808 8308 9325 11474 10849 11402 12279 13562 13397 13677 13794 14190 15880 15043 11517 10467 10199 9328 8672 7989 7094 6919 7476 8651 8525 9864 10149 10942 12262 13582
2326 3512 1605 2123 1720 1094 1383 692 0 2370 3692 4359 5097 6572 9255 9154 9533 12034 14882 9704 8507 5969 6575 5925 4353 4406 4895 6357 4922 7011 5329 7829 8847 10995 10370 10923 11800 13083 13674 13198 13315 13711 15209 14564 11038 9989 9720 8850 8193 7510 7442 6440 6997 8172 9447 10188 11191 10896 10640 13117
3372 4071 2677 3203 3142 2608 3156 2798 2104 0 1319 1986 2724 4199 4815 6428 6807 9307 12156 7303 6105 4862 4729 4783 5603 6322 6811 8274 7352 8928 7246 9746 10763 11552 12287 12839 13716 15000 15590 15115 15232 15627 17125 16480 12954 11905 11636 10766 10109 9426 9358 8357 8913 8665 9647 9316 9891 9030 9498 11271
3902 4601 3183 3706 3724 3604 4152 4400 3707 1101 0 1409 1918 3484 5580 5479 5858 8359 11207 13508 5761 4760 4897 5135 6704 7914 8403 9866 9004 10520 8838 11338 11335 12808 13879 14432 15309 16592 17182 16707 16824 17219 18717 18072 14547 13497 13229 12358 11702 11018 10950 9949 9789 9017 9998 9668 10243 9382 9850 11648
4850 5549 4132 4654 4672 4552 5100 5349 4655 2050 948 0 509 2075 2599 3111 5003 7504 10353 5679 4935 4510 5023 4669 6225 7440 7930 9144 8471 10046 8364 10275 10869 12341 12771 13958 14835 16118 16709 16233 15820 15901 18244 16754 13490 13024 12755 11885 11228 10545 10477 9475 9323 8551 9532 9201 9777 8915 9384 11398
6222 6922 5793 6027 6450 6329 6874 7125 6431 2559 1458 509 0 1476 2091 2602 4693 7194 5759 5169 4425 4704 5435 5227 6784 7999 8488 9702 9029 10604 8922 10833 11427 12900 13329 14516 15393 16676 17267 16791 16378 16459 18802 17312 14048 13582 13313 12443 11786 11103 11035 10033 9881 9109 10090 9759 10335 9473 9942 11251
6825 7524 6395 6629 7053 6931 7477 7727 7034 4385 2932 1984 1476 0 623 1138 3573 7454 4735 4434 3931 4969 5700 6518 8617 11241 11730 11432 12331 13847 12165 12691 13285 14758 17206 17758 18636 19919 20509 20034 20151 18317 22044 19170 15906 16824 16556 15685 15029 14345 14277 13276 11739 10967 11948 11617 11431 10399 10796 11374
7440 8140 7011 7244 7668 7546 8092 8343 7649 5000 3547 2599 2091 619 0 515 2946 4638 4939 4849 4610 5648 6380 7197 9297 11856 12346 12112 12947 14462 12780 13370 13964 15437 17821 18374 19251 20534 21125 20649 20766 18996 22660 19849 16585 17439 17171 16300 15644 14961 14893 13891 12419 11646 12628 12297 12111 11079 11475 12053
7957 8657 7527 7761 8185 8063 8609 8860 8166 5517 4056 3107 2598 1138 515 0 2426 4118 4422 4327 4972 6010 6742 7559 9659 12373 12863 12474 13464 14979 13297 13733 14327 15799 18338 18891 19768 21051 21641 21166 21283 19359 23176 20212 16947 17956 17688 16817 16161 15477 15409 14408 12781 12009 12990 12659 12473 11441 11837 12415
8700 9400 8270 8504 8928 8806 9352 9603 8909 6260 5491 4543 4157 3522 2905 2377 0 1690 8004 10304 8334 9053 9566 9212 10768 11983 12473 13687 13014 14589 12907 14818 15412 16884 17314 18501 19378 20661 21251 20776 20363 20444 22786 21297 18032 17566 17298 16427 15771 15087 15020 14018 13866 13094 14075 13744 14320 13458 13927 15940
11630 12329 11200 11434 11858 11736 12282 12533 11839 9190 8421 7473 7087 5207 4590 4062 1886 0 7845 10145 11566 11983 12496 12142 13698 14913 15403 16616 15944 17519 15837 17748 18342 19814 20244 21431 22308 23591 24181 23706 23293 23374 25716 24227 20962 20496 20228 19357 18701 18017 17949 16948 16796 16024 17005 16674 17250 16388 16857 27668
15050 15750 14621 14854 15278 15156 15702 15953 15259 12610 11841 10893 6057 4774 5189 4493 7409 7477 0 2689 4109 7598 8104 8517 10616 11576 12459 13431 14166 14066 12423 14690 15284 16756 17186 18029 18907 20190 20780 20305 20235 20316 22315 21169 17905 17095 16827 15956 15300 14616 14548 13547 13738 12966 13947 14575 12818 11787 11710 12288
10244 10944 9814 10048 10472 10350 10896 11147 10453 6411 5523 4919 4409 3425 3840 3379 5334 10193 2181 0 2290 5695 6465 7572 9672 10632 11514 12487 13222 13122 11479 13745 14339 15812 16242 17085 17962 19245 19836 19360 19290 19371 21371 20224 16960 16151 15882 15012 14355 13672 13604 12602 12793 12021 13002 12422 10665 9634 9557 10135
10236 10936 9807 10041 10464 8747 10889 8936 8243 6316 5427 4823 4314 3773 4401 4809 6630 11423 3970 2105 0 3902 4408 5779 7878 8838 9721 10693 11429 11328 9685 11952 12546 14019 14448 15292 16169 17452 18042 17567 17497 17578 19577 18431 15167 14357 14089 13218 12562 11878 11810 10809 11000 10228 11209 10663 8906 7874 7798 8376
6865 7565 6170 6739 6336 5803 6351 5992 5299 3722 3873 4084 4188 5051 5679 6087 8682 11182 7038 6431 4297 0 1294 1877 3976 4936 5819 6791 7526 7426 5783 8050 8644 10116 10546 11390 12267 13550 14140 13665 13595 13676 15675 14529 11265 10455 10187 9316 8660 7976 7908 6907 7098 6326 7307 6976 7155 6123 6592 7836
7790 8490 7095 7665 7262 6728 7276 6918 6224 4647 4798 5010 5113 5713 6341 6749 9607 12107 7701 6753 4386 1487 0 1788 4682 5647 6530 7502 8237 8145 6494 7736 8129 9601 10031 12057 12934 14217 14808 14332 13080 13161 16343 14014 10749 11123 10854 9984 9327 8644 8576 7574 6796 5836 7005 6317 5802 4770 5239 6762
7661 8360 6875 7422 7019 6485 7033 7054 6178 5075 5023 5234 5338 6819 7447 7855 9832 12332 8807 7868 5733 2378 1981 0 3312 4272 5155 6127 6862 6762 5119 6966 7359 8831 9261 10725 11602 12885 13476 13001 12310 12391 15011 13244 9980 9791 9522 8652 7995 7312 7244 6242 6026 5254 6235 5756 5819 5094 5563 6883
6911 7729 6216 6187 5790 5023 5312 4695 4701 5222 6544 7168 7272 8788 9415 11387 11765 14266 10775 9836 7702 4346 4329 3114 0 1603 2485 3458 4193 4093 2228 4093 4485 5958 6388 8056 8933 10216 10807 10331 10448 9518 12342 10370 7106 7122 6853 5983 5326 4643 4575 3573 3153 2969 4569 5309 5595 5839 7158 8478
6830 7648 6136 6767 6364 5255 5920 4869 4621 5654 6976 7643 7680 9245 9769 11795 12173 14674 11338 11246 9111 5756 5739 4523 1847 0 845 2044 2316 2679 1036 3889 4907 7055 6430 6983 7860 9143 9734 9258 9375 9771 11269 10624 7098 6049 5780 4910 4253 3570 3502 2500 3057 4232 5215 6692 7500 7905 9225 10545
7310 9423 6616 6689 6286 5430 5842 4853 5101 6134 7456 8123 8291 9856 10380 12406 12784 15285 12863 11924 9789 6434 6417 5201 2526 845 0 1291 1704 1926 825 3428 4445 6594 5969 6521 7399 8682 9324 8797 8914 9309 10807 10162 6636 5587 5318 4448 3791 3108 2856 1751 2658 4260 5241 6720 8178 8584 9903 11223
9654 10133 9132 8396 8319 7564 7219 6735 6571 7605 8927 9594 10236 11752 12380 14351 14730 17230 13740 12800 10666 7311 7294 6078 3402 2026 1266 0 1847 1176 1492 3190 4207 6356 5731 6283 7329 8431 8344 8559 8676 9071 10827 9924 6398 5349 5080 3910 3199 2651 2267 1780 2845 4447 5428 6907 9055 9460 10780 12100
7473 7952 6951 6215 6139 5486 5141 4658 4929 6352 7674 8341 8864 10430 10954 12979 13358 15858 13123 13494 11359 8004 7987 6771 4095 2178 1567 2183 0 2830 2395 5484 6501 8009 7384 7971 9109 10210 10123 11674 12042 10725 12606 11578 8052 7003 6734 5564 4853 4304 3920 3429 4224 5827 6808 8286 9748 10153 11473 12793
10762 11241 8959 9503 9427 6869 7173 6184 7444 8477 9799 10466 10503 12418 13046 14618 14997 17497 14406 13467 11332 7977 7960 6744 4069 2693 1933 1151 2955 0 1618 2013 3031 5179 4554 5107 5211 6424 7875 7382 7499 7895 10357 8748 5222 4173 3904 2734 2022 1474 1090 594 2150 3889 4870 6826 7583 8137 9457 10777
7857 8675 7163 9900 7301 6281 6857 5869 5647 6681 8003 8670 8706 10996 11624 12822 13200 15701 12984 12045 9910 6555 6538 5322 2646 1270 952 1561 3351 1527 0 2643 3660 5809 5184 5737 6614 7897 8487 8012 8129 8524 10022 9377 5852 4802 4534 3663 3007 2323 2255 1166 1810 3413 4394 5873 7101 7345 8664 9985
10199 11018 9505 10373 9970 8624 9526 8239 7990 9024 10346 10829 10933 12498 13022 15048 15426 17927 14591 14196 12062 8707 7969 7474 4317 3896 3427 3297 5100 2069 2630 0 1225 3270 3700 4733 5610 6894 7484 7009 6749 6830 9019 7683 4419 3799 3530 2824 2359 1741 1673 1694 1347 1880 2861 4817 5575 6129 7448 8768
11217 12035 10523 11390 10987 9641 10543 9256 9007 10041 11083 11295 11398 12964 13488 15513 15892 18392 15056 14662 12527 9172 8435 7939 5334 4914 4444 4314 6117 3087 3647 1225 0 1882 2312 4579 5456 6739 7329 6379 5361 5442 8864 6294 3030 4062 2548 2079 2204 2160 2612 2711 2005 2345 1943 4015 7779 6984 9903 9234
12943 13761 12249 13116 12713 11368 12269 10982 10734 11767 12556 12767 12871 14436 14960 16986 17364 19865 16529 16134 14000 10645 9907 9412 7600 6640 6170 5894 7697 4813 5374 3107 1882 0 798 3138 4063 4722 5363 4497 3479 3560 6893 4412 1148 2180 1532 3689 3224 3192 3644 4438 3773 3818 3415 5488 9252 8456 11375 10706
12318 13136 11624 12491 12088 10743 11644 10357 10109 11142 12464 13131 13168 14733 15257 17283 17662 20162 17313 16373 14239 10884 10867 9651 6975 6015 5545 5269 7072 4188 4749 3912 2680 798 0 2524 3401 4679 5270 4278 4276 4357 6805 5210 1946 950 907 3064 2599 2567 3019 3813 5117 4616 4213 6286 10049 9254 12173 11504
13392 15769 12698 14031 13955 11817 12854 12370 11183 12216 13538 14205 14242 15807 16331 18357 18736 21236 18387 17448 15313 11958 11941 10725 8049 7089 6534 5679 7482 4601 5823 4986 4125 3132 2498 0 1603 2280 3046 3271 3388 4014 5282 4867 2052 1395 1848 2719 2984 3514 3823 4870 6191 6477 5672 7745 11508 10726 12045 13365
16427 16906 13502 15169 15092 12621 13991 13508 11987 13020 14342 15009 15046 16611 17135 19161 19539 22040 19191 18251 16117 12762 12745 11529 8853 7893 8089 6817 8620 4991 6626 5453 4929 3927 3302 1602 0 1533 2202 3098 3234 4502 4685 5355 3012 2920 2651 3355 3374 3904 4213 5260 6995 7139 6476 8548 12312 11388 12707 14027
17724 18204 14648 16466 16390 13767 15289 14805 13133 14167 15489 16156 16192 17758 18282 20307 20686 23187 20337 19398 17264 13909 13891 12676 10000 9039 8070 8114 9917 6138 7773 6600 6076 4562 4448 2278 1533 0 763 1561 1886 3572 3156 4425 3512 3455 3798 4501 4521 5051 5360 6407 8142 8286 7623 9695 13459 12535 13854 24300
17596 18075 17074 16338 16261 15505 15160 14677 13874 14907 16229 16896 16933 19743 20371 21048 21427 23927 21731 20792 18657 15302 15285 14069 11394 10018 9258 7986 9789 7458 8992 7677 6816 5153 5189 3043 2003 762 0 1562 2261 4128 2744 5061 4103 4046 4538 5421 5440 5971 7054 7935 8882 9168 8363 10435 14199 13417 14736 24333
15495 16313 14801 18052 15265 13920 14821 13534 13286 14319 15641 16308 16345 17910 18434 20460 20839 23339 20490 19550 17416 14061 14044 12828 10152 9192 8722 9700 11503 7365 7925 7089 6228 4565 4601 3186 3027 1679 2055 0 895 2977 2950 4200 3515 3458 3950 5486 5776 5743 6196 6990 8294 8580 7775 9847 13611 12828 14148 15468
15709 16527 15015 18258 15479 14134 15035 13748 13500 14533 15855 16522 16559 18124 18648 20674 21053 23553 20704 19764 17630 14275 14258 13042 10366 9406 8936 9906 11709 7579 8140 7303 5361 3479 4276 3400 3234 1886 2261 887 0 2329 3796 3182 2398 3693 4164 5700 5990 5958 6410 7204 8508 7297 6894 8966 12730 11935 14854 14185
16025 16843 15331 16198 15795 14450 15351 14064 13816 14849 16171 16838 16444 18010 18534 20559 20938 23439 20103 20080 17946 14591 13481 13358 10682 9722 9252 8975 10778 7895 8455 6681 5456 3574 4372 4014 4516 3586 4227 3361 2343 0 4612 887 2756 3788 4311 6039 6306 6273 6726 7519 7347 7392 6989 9062 12825 12030 14949 21831
20075 20554 17386 18817 18741 17985 17640 17156 15871 16905 18227 18894 18930 20496 21020 23045 23424 25925 23075 22136 20002 16646 16629 15413 12738 11777 11737 10465 12268 9937 10511 9675 8814 7150 7186 5771 4483 3361 2729 2834 3736 4380 0 4663 6101 6044 6536 7900 7920 8329 9533 9575 10880 11166 10361 12433 16197 15414 16734 22658
16858 17676 16164 17031 16628 15283 16184 14897 14649 15682 17004 17671 17278 18843 19367 21393 21772 24272 20936 20914 18779 15424 14315 14191 11515 10555 10085 9809 11612 8728 9289 7514 6289 4407 5205 4848 5350 4420 5061 4194 3176 887 4582 0 3589 4621 5144 6873 7139 7107 7559 8353 8181 8225 7822 9895 13659 12863 15782 21801
13338 14156 12644 13511 13108 11762 12664 11377 11128 12162 13484 14151 14188 15753 16277 18303 18681 21182 18332 17393 15259 11904 11887 10671 7995 7035 6565 6288 8091 5208 5768 4932 3030 1148 1984 1842 3014 3903 4493 3274 2660 2741 6028 3594 0 1101 1624 3352 3619 3586 4039 4832 4922 4966 4564 6636 10400 9605 12523 11854
12237 13055 11543 12410 12007 10662 11563 10276 10028 11061 12383 13050 13087 14652 15176 17202 17581 20081 17232 16293 14158 10803 10786 9570 6894 5934 5464 5188 6991 4107 4668 3831 2970 1509 884 1418 2961 3725 4316 3415 3728 3809 5851 4662 1136 0 523 2252 2518 2486 2938 3732 5036 4750 4347 6420 10184 9389 12307 11638
11713 12531 11019 11886 11483 10137 11039 9752 9503 10537 11859 12526 12562 14128 14652 16678 17056 19557 16707 15768 13634 10279 10261 9046 6370 5410 4940 4663 6466 3583 4143 3307 2446 1615 990 1868 2745 4023 4614 4138 4230 4311 6149 5164 1638 589 0 2459 1994 1961 2414 3207 4512 4798 4164 6237 10000 9046 10366 11686
11419 13925 10725 12188 12111 9844 11010 8794 9210 10243 11565 12232 12269 13835 14359 16384 16763 19263 16414 15475 13340 9985 9968 8752 6076 5116 4542 3836 5639 2609 3850 2824 2079 2496 1870 2423 3300 4583 5174 4698 4815 5211 6709 6064 2538 1489 1220 0 710 1395 1847 2822 4073 4511 4024 6096 9860 8759 10079 11399
10707 13213 10013 11476 11400 9132 10299 8082 8498 9532 10854 11521 11557 13123 13647 15672 16051 18552 15702 14763 12628 9273 9256 8040 5365 4404 3830 3124 4927 1897 3138 2302 2204 3198 2573 3126 3563 4777 5847 5401 5518 5914 7412 6767 3241 2192 1923 710 0 683 1136 2111 3362 4045 4027 6076 9839 8294 9613 10933
10024 12791 9330 11054 10978 8449 9877 8063 7815 8848 10170 10837 10874 12439 12964 14989 15368 17868 15019 14080 11945 8590 8573 7357 4681 3721 3415 2702 4505 1475 2455 1618 2103 3567 2942 3495 4372 5655 6246 5770 5887 6283 7781 7136 3610 2561 2292 1395 683 0 452 1508 2678 3494 3926 5974 7188 7742 9062 10382
9901 12339 9207 10602 10525 8326 9424 7208 7692 8725 10047 10714 10751 12316 12840 14866 15244 17745 14896 13956 11822 8467 8450 7234 4558 3598 2955 2250 4053 1023 2107 1495 2556 4020 3395 3948 4433 6108 7097 6223 6340 6736 9579 7589 4063 3014 2745 1716 1004 453 0 1048 2555 3370 4351 6307 7065 7619 8938 10258
8882 11790 8188 10053 9976 7307 8209 6922 6673 7707 9029 9696 9732 11298 11822 13847 14226 16726 13877 12938 10803 7448 7431 6215 3539 2287 1739 1701 3504 567 1055 1670 2687 4836 4211 4764 5641 6924 7514 7039 7156 7552 9049 8404 4879 3829 3561 2690 2034 1350 1048 0 1690 3292 4273 5752 6987 7541 8860 10180
9381 10199 8687 9554 9151 7806 8707 7420 7172 8205 9527 10194 10503 12069 12593 14618 14997 17497 14161 13436 11302 7947 7219 6495 3745 3078 2646 2909 4751 2123 1811 1347 2301 3773 4203 6166 7043 8326 8916 8441 7252 7333 10451 8186 4922 5231 4963 4092 3436 2752 2684 1683 0 1621 2602 4081 5316 5870 7189 8509
10555 11373 9861 9792 9395 8628 8917 8300 8346 8312 8751 8962 9066 10631 11155 13181 13559 16060 12724 12329 10195 6840 6102 5607 3093 4252 4247 4511 6353 3725 3441 1880 2331 3803 4233 6420 7297 8580 9170 8300 7282 7363 10705 8216 4952 5984 4469 4511 4045 3616 3548 3285 1621 0 994 2460 3695 4249 5568 6888
11497 12315 10803 10773 10376 9609 9898 9281 9287 9293 9732 9943 10047 11612 12136 14162 14540 17041 13705 13310 11176 7821 7083 6588 4074 5234 5229 5492 7334 4706 4423 2861 1943 3415 3845 5699 6576 8137 8778 7912 6894 6975 10308 7828 4564 5596 4081 4492 4027 3983 4435 4266 2602 994 0 4437 4689 5243 6562 7882
11940 12738 11246 11216 10820 10052 10341 9724 9731 9453 9401 9612 9716 11281 11805 13831 14210 16710 14444 12710 10626 7490 6284 5873 4990 6712 6707 6971 8813 6185 5901 4340 4015 5488 5918 7771 8648 10210 10851 9985 8966 9047 12381 9900 6636 7668 6154 6096 6076 6031 6484 5745 4081 2460 4437 0 2263 2969 5091 6411
11579 12278 10793 10993 10596 9829 10118 9501 10060 8993 8941 9152 9256 10821 11345 13371 13749 16250 12682 10948 8864 7030 5812 5745 4767 7311 7306 7571 9413 6785 6501 4940 5628 7101 7531 9384 10261 11823 12464 11597 10579 10660 13994 11513 8249 9281 7767 7570 7105 6676 6608 6345 4681 3060 4054 1613 0 1325 2846 4649
11768 12468 10983 11888 11491 10724 11012 10396 10213 9182 9578 9789 9893 10431 11058 11466 14387 16887 11655 9922 7838 6486 4786 5453 6316 7716 8599 9571 10307 7899 7371 6054 7005 8478 8908 10594 11471 12754 13344 12974 11956 12037 14879 12890 9626 10658 9144 8685 8219 7790 7722 7459 5795 4174 5168 2990 1340 0 1485 3622
12195 12894 11409 11956 11553 11019 12437 11820 11637 9609 9557 9768 9872 10646 11273 11682 14366 16866 11870 10137 8053 6912 5212 5634 7741 9141 10023 10996 11731 9323 8796 7478 7929 9402 9832 12018 12895 14178 14769 13899 12880 12961 21646 13814 10550 11582 10068 10109 9644 9215 9147 8884 7220 5598 6592 4825 3209 1485 0 2085
14332 15032 13637 14207 13804 13270 13818 13298 12766 11189 11379 11591 11694 10925 11553 11961 26734 26803 11814 10080 7996 8038 6762 7113 9219 10619 11502 12474 13209 10802 10274 8957 9408 10880 11310 13496 14373 24089 24415 22965 14359 21226 22081 21184 12029 13061 11546 11587 11122 10693 10625 10362 8698 7077 8071 6599 4843 3811 2278 0
