-34.554991, -58.483576
-34.554322, -58.463710
-34.566632, -58.438734
-34.559435, -58.448953
-34.569287, -58.427072
-34.581996, -58.482753
-34.584222, -58.489545
-34.582199, -58.489856
-34.582164, -58.491916
-34.586448, -58.496711
-34.590705, -58.491089
-34.592904, -58.483354
-34.596993, -58.474771
-34.601109, -58.467003
-34.604509, -58.458517
-34.606840, -58.449429
-34.602822, -58.443432
-34.608765, -58.437306
-34.611564, -58.428776
-34.617939, -58.424442
-34.620826, -58.415129
-34.616597, -58.409454
-34.637044, -58.386483
-34.645156, -58.392105
-34.650902, -58.379885
-34.661015, -58.393253
-34.700940, -58.339430
-34.698360, -58.324568
-34.678473, -58.346722
-34.730684, -58.337584
-34.744794, -58.293921
-34.769897, -58.378200
-34.618257, -58.408005
-34.623546, -58.400409
-34.625294, -58.392545
-34.633407, -58.398285
-34.780284, -58.376631
-34.773005, -58.312752
-34.622584, -58.525897
-34.618302, -58.519487
-34.609178, -58.517099
-34.604151, -58.504631
-34.596950, -58.493168
-34.587928, -58.493646
-34.584617, -58.484798
-34.577228, -58.489197
-34.572157, -58.494777
-34.565906, -58.488443
-34.559323, -58.480549
-34.562180, -58.466548
-34.598298, -58.386998
-34.605907, -58.396680
-34.613810, -58.407590
-34.619878, -58.418165
-34.632106, -58.408175
-34.638357, -58.387444
-34.644011, -58.416161
-34.654862, -58.416579
-34.655618, -58.388696
-34.642386, -58.373920
-34.637738, -58.365126
-34.629106, -58.365377
-34.624573, -58.375478
-34.616077, -58.374532
-34.612504, -58.372667
-34.598533, -58.373613
-34.590492, -58.384911
-34.588728, -58.404947
-34.583711, -58.423062
-34.578533, -58.437505
-34.567948, -58.442987
-34.566573, -58.459739
-34.570926, -58.480609
-34.563754, -58.497250
-34.578671, -58.502036
-34.591638, -58.511107
-34.603915, -58.491350
-34.636968, -58.478585
-34.652585, -58.458855
-34.647263, -58.449256
-34.641180, -58.442431
-34.649866, -58.419679
-34.666103, -58.404866
-34.674647, -58.397286
-34.683335, -58.416677
-34.687402, -58.399300
-34.690404, -58.405464
-34.690725, -58.410937
-34.691274, -58.416434
-34.689587, -58.424133
