-34.905578, -56.204680
-34.906785, -56.213180
-34.902462, -56.196278
-34.909030, -56.195543
-34.909549, -56.189765
-34.905581, -56.186905
-34.909201, -56.185112
-34.904732, -56.177474
-34.900283, -56.181323
-34.885770, -56.192570
-34.879277, -56.199475
-34.873139, -56.205236
-34.869971, -56.209194
-34.864464, -56.221139
-34.867050, -56.225986
-34.863753, -56.229920
-34.874747, -56.249009
-34.878024, -56.265946
-34.836120, -56.239124
-34.838334, -56.221747
-34.837435, -56.207875
-34.857735, -56.176158
-34.851900, -56.170031
-34.862148, -56.162703
-34.878101, -56.145879
-34.888605, -56.138768
-34.893501, -56.133291
-34.899253, -56.122831
-34.905731, -56.136759
-34.893177, -56.115936
-34.888459, -56.128130
-34.878950, -56.111192
-34.874560, -56.103972
-34.870832, -56.085537
-34.877163, -56.082947
-34.883860, -56.070308
-34.890485, -56.062179
-34.883592, -56.051100
-34.885632, -56.045698
-34.874996, -56.045853
-34.870381, -56.050123
-34.860249, -56.050687
-34.872574, -56.024747
-34.854779, -56.050359
-34.871318, -56.075176
-34.879725, -56.080661
-34.881967, -56.085423
-34.886402, -56.090730
-34.890024, -56.097127
-34.888099, -56.103681
-34.889902, -56.106592
-34.888700, -56.116939
-34.877595, -56.118186
-34.865216, -56.121373
-34.859708, -56.112863
-34.850693, -56.116525
-34.841956, -56.124696
-34.834526, -56.132223
-34.823746, -56.135838
-34.811921, -56.142905
