-23.548777, -46.786835
-23.533774, -46.688243
-23.569258, -46.540343
-23.680413, -46.527633
-23.547545, -46.699797
-23.531126, -46.503946
-23.518943, -46.406888
-23.689937, -46.524745
-23.632258, -46.785879
-23.550193, -46.796856
-23.479206, -46.700953
-23.465958, -46.550743
-23.429386, -46.536299
-23.437868, -46.514923
-23.522121, -46.429419
-23.507818, -46.397066
-23.556019, -46.388978
-23.512056, -46.412087
-23.577730, -46.521856
-23.606850, -46.467549
-23.547016, -46.566919
-23.530596, -46.517812
-23.516294, -46.485459
-23.617966, -46.469283
-23.690466, -46.459461
-23.635433, -46.571541
-23.601026, -46.586562
-23.633316, -46.609094
-23.652898, -46.607360
-23.667186, -46.595806
-23.643372, -46.664556
-23.633845, -46.644335
-23.670889, -46.637402
-23.662423, -46.677844
-23.671419, -46.689398
-23.709510, -46.619493
-23.655015, -46.743705
-23.636492, -46.767970
-23.642843, -46.804367
-23.608438, -46.742549
-23.596791, -46.714241
-23.639138, -46.696909
-23.570317, -46.740239
-23.542779, -46.757570
-23.545956, -46.791079
-23.566081, -46.805522
-23.575083, -46.772014
-23.596791, -46.758726
-23.623789, -46.750638
-23.640726, -46.780680
-23.643901, -46.733306
-23.554960, -46.796856
-23.532715, -46.765659
-23.561315, -46.747749
-23.596262, -46.717707
-23.623260, -46.673222
-23.596791, -46.673799
-23.560025, -46.686165
-23.534707, -46.717836
-23.531223, -46.681351
-23.550038, -46.654241
-23.513102, -46.679831
-23.496809, -46.586198
-23.480558, -46.581183
-23.466145, -46.584526
-23.490370, -46.609266
-23.506926, -46.644370
-23.501407, -46.700870
-23.539074, -46.914159
-23.537739, -46.900389
-23.529425, -46.893000
-23.541640, -46.922556
-23.534814, -46.927314
-23.531735, -46.903860
-23.527013, -46.894008
-23.528810, -46.883876
-23.534814, -46.927146
-23.555193, -46.942781
-23.551471, -46.934584
-23.558664, -46.925020
-23.552938, -46.920570
-23.596072, -46.760140
-23.593239, -46.741363
-23.588697, -46.732724
-23.583613, -46.726949
-23.601447, -46.745409
-23.593155, -46.764414
-23.590364, -46.773099
-23.604438, -46.769224
-23.602810, -46.760649
-23.603735, -46.747826
-23.615566, -46.742574
-23.614323, -46.731283
-23.611756, -46.725943
-23.609914, -46.718365
-23.599012, -46.702260
-23.595321, -46.707918
-23.595377, -46.715298
-23.596363, -46.720219
-23.596363, -46.730582
-23.591122, -46.730889
-23.588614, -46.718773
-23.583005, -46.710194
-23.578693, -46.718189
-23.575367, -46.707057
-23.596644, -46.647857
-23.593211, -46.636533
-23.593077, -46.629861
-23.589136, -46.624038
-23.589074, -46.610575
-23.591970, -46.603669
-23.591970, -46.603669
-23.598192, -46.612226
-23.621064, -46.573151
-23.619674, -46.567961
-23.623505, -46.557421
-23.624573, -46.547390
-23.640682, -46.549343
-23.638866, -46.559200
-23.636061, -46.532693
-23.640039, -46.531162
-23.638832, -46.519447
-23.646335, -46.492425
-23.637244, -46.493248
-23.629521, -46.491276
-23.626047, -46.496802
-23.621361, -46.487116
-23.617669, -46.496629
-23.612574, -46.509296
-23.607653, -46.512669
-23.604300, -46.515770
-23.599077, -46.515973
-23.597507, -46.508059
-23.591585, -46.503146
-23.583622, -46.494529
-23.574406, -46.508188
-23.570605, -46.510397
-23.565358, -46.512786
-23.561258, -46.518578
-23.552002, -46.512876
-23.549988, -46.500784
-23.551734, -46.491488
-23.544523, -46.491758
-23.540959, -46.499331
-23.535556, -46.502903
-23.529419, -46.513394
-23.525989, -46.522477
-23.521546, -46.529001
-23.515615, -46.531605
-23.511657, -46.541735
-23.508278, -46.540180
-23.506377, -46.544823
-23.496518, -46.557138
-23.514363, -46.366169
-23.512053, -46.349674
-23.487348, -46.337497
-23.483016, -46.355716
-23.479038, -46.371685
-23.478419, -46.391607
-23.463771, -46.401536
-23.458360, -46.447694
-23.456038, -46.467184
-23.447041, -46.465144
-23.439510, -46.463891
-23.437250, -46.458675
